PLAYER,POS,Team,Year,G,AB,R,H,2B,3B,HR,RBI,BB,K,SB,CS,AVG,SLG,OBP,OPS,2015OBP,DH,Infield,1B,2B 2,3B 2,SS,Outfield,CONFERENCE,LEAGUE,AL,NL,ALE,ALW,ALC,NLE,NLC,NLW,CHW,NYY,SEA,STL,SD,CLE,HOU,PIT,TEX,COL,PHI,DET,LAA,TOR,SF,BOS,ATL,MIL,CIN,OAK,KC,TB,WSH,NYM,AZ,CHC,MIN,LAD,BAL,MIA,Residual 2015OBP,MultiPos,Residual 2015OBP 2,Predicted 2015OBP
"Abreu, Jose",1B/DH,CHW,2014,145,556,80,176,35,2,36,107,51,131,3,1,0.316546763,0.580935252,0.382636656,0.963571908,0.848773819,1,1,1,0,0,0,0,ALC,AL,1,0,0,0,1,0,0,0,1,0,0,0,0,0,0,0,0,0,0,0,0,0,0,0,0,0,0,0,0,0,0,0,0,0,0,0,0,0,-0.00796359,1,0.0014524151,0.8473214039
"Ackley, Dustin",OF,SEA,2014,143,502,64,123,27,4,14,65,32,90,8,4,0.24501992,0.398406375,0.293135436,0.69154181,0.712096333,0,0,0,0,0,0,1,ALW,AL,0,1,0,0,0,1,0,0,0,0,1,0,0,0,0,0,0,0,0,0,0,0,0,0,0,0,0,0,0,0,0,0,0,0,0,0,0,0,-0.017845045,0,-0.017142746,0.7292390795
"Adams, Matt",1B,STL,2014,142,527,55,152,34,5,15,68,26,114,3,2,0.288425047,0.457305503,0.321492007,0.77879751,0.65671275,0,1,1,0,0,0,0,NLC,NL,0,1,0,0,0,1,0,0,0,0,0,1,0,0,0,0,0,0,0,0,0,0,0,0,0,0,0,0,0,0,0,0,0,0,0,0,0,0,-0.093367737,0,-0.072829354,0.7295421045
"Almonte, Abraham",OF,SD,2014,59,204,19,47,10,1,3,15,12,60,4,3,0.230392157,0.333333333,0.275229358,0.608562691,0.71928668,0,0,0,0,0,0,1,NLW,NL,0,1,0,0,0,1,0,0,0,0,0,0,1,0,0,0,0,0,0,0,0,0,0,0,0,0,0,0,0,0,0,0,0,0,0,0,0,0,-0.013494492,0,-0.011328205,0.7306148846
"Alonso, Yonder",1B,SD,2014,84,267,27,64,19,1,7,27,17,36,6,1,0.239700375,0.397003745,0.284722222,0.681725968,0.74205245,0,1,1,0,0,0,0,NLW,NL,0,1,0,0,0,1,0,0,0,0,0,0,1,0,0,0,0,0,0,0,0,0,0,0,0,0,0,0,0,0,0,0,0,0,0,0,0,0,0.0032263513,0,0.0104812028,0.7315712472
"Altuve, Jose",2B,HOU,2014,158,660,85,225,47,3,7,59,36,53,56,9,0.340909091,0.453030303,0.376770538,0.829800841,0.812017328,0,1,0,1,0,0,0,ALW,AL,1,0,0,0,1,0,0,0,0,0,0,0,0,0,1,0,0,0,0,0,0,0,0,0,0,0,0,0,0,0,0,0,0,0,0,0,0,0,0.0915549101,0,0.0731056106,0.7389117174
"Alvarez, Pedro",3B,PIT,2014,123,399,46,92,13,1,18,56,45,114,8,3,0.230576441,0.403508772,0.311659193,0.715167965,0.786826492,0,1,0,0,1,0,0,NLC,NL,0,1,0,0,0,1,0,0,0,0,0,0,0,0,0,1,0,0,0,0,0,0,0,0,0,0,0,0,0,0,0,0,0,0,0,0,0,0,0.0399450689,0,0.0438904939,0.7429359981
"Amarista, Alexi",SS/3B/2B/OF,SD,2014,148,423,39,101,13,2,5,40,29,69,12,1,0.238770686,0.314420804,0.286026201,0.600447005,0.533668823,0,1,0,1,1,1,1,NLW,NL,0,1,0,0,0,1,0,0,0,0,0,0,1,0,0,0,0,0,0,0,0,0,0,0,0,0,0,0,0,0,0,0,0,0,0,0,0,0,-0.067802807,1,-0.069004275,0.6026730983
"Andrus, Elvis",SS,TEX,2014,157,619,72,163,35,1,2,41,46,96,27,15,0.263327948,0.33279483,0.314074074,0.646868904,0.666724051,0,1,0,0,0,1,0,ALW,AL,0,1,0,0,0,1,0,0,0,0,0,0,0,0,0,0,1,0,0,0,0,0,0,0,0,0,0,0,0,0,0,0,0,0,0,0,0,0,0.0281874876,0,0.0039662382,0.6627578128
"Arenado, Nolan",3B,COL,2014,111,432,58,124,34,2,18,61,25,58,2,1,0.287037037,0.5,0.32832618,0.82832618,0.897983595,0,1,0,0,1,0,0,NLW,NL,1,0,0,0,1,0,0,0,0,0,0,0,0,0,0,0,0,1,0,0,0,0,0,0,0,0,0,0,0,0,0,0,0,0,0,0,0,0,0.1024715216,0,0.1064175959,0.7915659991
"Asche, Cody",3B,PHI,2014,121,397,43,100,25,0,10,46,33,102,0,1,0.251889169,0.390428212,0.308584687,0.699012898,0.689153767,0,1,0,0,1,0,0,NLE,NL,0,1,0,0,0,1,0,0,0,0,0,0,0,0,0,0,0,0,1,0,0,0,0,0,0,0,0,0,0,0,0,0,0,0,0,0,0,0,-0.033485494,0,0.0182683692,0.6708853978
"Avila, Alex",C,DET,2014,124,390,44,85,22,0,11,47,61,151,0,3,0.217948718,0.358974359,0.326754386,0.685728745,0.625966395,0,0,0,0,0,0,0,ALC,AL,1,0,0,0,1,0,0,0,0,0,0,0,0,0,0,0,0,0,0,1,0,0,0,0,0,0,0,0,0,0,0,0,0,0,0,0,0,0,-0.121278132,0,-0.114964156,0.740930551
"Aviles, Mike",3B/2B/OF,CLE,2014,114,347,38,85,16,1,5,40,13,49,14,5,0.244956772,0.340057637,0.269754768,0.609812405,0.599292661,0,1,0,1,1,0,1,ALC,AL,1,0,0,0,1,0,0,0,0,0,0,0,0,1,0,0,0,0,0,0,0,0,0,0,0,0,0,0,0,0,0,0,0,0,0,0,0,0,-0.073167424,1,-0.08316782,0.6824604808
"Aybar, Erick",SS,LAA,2014,156,589,77,164,30,4,7,68,36,62,16,9,0.278438031,0.37860781,0.321316614,0.699924424,0.639467809,0,1,0,0,0,1,0,ALW,AL,1,0,0,0,1,0,0,0,0,0,0,0,0,0,0,0,0,0,0,0,1,0,0,0,0,0,0,0,0,0,0,0,0,0,0,0,0,0,-0.0151899,0,-0.032587496,0.6720553046
"Barnes, Brandon",OF,COL,2014,132,292,37,75,17,4,8,27,15,100,5,4,0.256849315,0.424657534,0.293159609,0.717817143,0.655462185,0,0,0,0,0,0,1,NLW,NL,1,0,0,0,1,0,0,0,0,0,0,0,0,0,0,0,0,1,0,0,0,0,0,0,0,0,0,0,0,0,0,0,0,0,0,0,0,0,-0.022130773,0,-0.010784394,0.6662465785
"Bautista, Jose",OF,TOR,2014,155,553,101,158,27,0,35,103,104,96,6,2,0.285714286,0.524412297,0.40327381,0.927686106,0.912788479,0,0,0,0,0,0,1,ALE,AL,0,1,0,0,0,1,0,0,0,0,0,0,0,0,0,0,0,0,0,0,0,1,0,0,0,0,0,0,0,0,0,0,0,0,0,0,0,0,0.0442214507,0,0.0306433487,0.8821451303
"Beckham, Gordon",2B,LAA,2014,127,446,53,101,27,0,9,44,22,81,3,0,0.226457399,0.347533632,0.270833333,0.618366966,0.607177283,0,1,0,1,0,0,0,ALW,AL,1,0,0,0,1,0,0,0,0,0,0,0,0,0,0,0,0,0,0,0,1,0,0,0,0,0,0,0,0,0,0,0,0,0,0,0,0,0,-0.093919876,0,-0.109478229,0.716655512
"Belt, Brandon",1B,SF,2014,61,214,30,52,8,0,12,27,18,64,3,1,0.242990654,0.448598131,0.306382979,0.75498111,0.833757384,0,1,1,0,0,0,0,NLW,NL,0,1,0,0,0,1,0,0,0,0,0,0,0,0,0,0,0,0,0,0,0,0,1,0,0,0,0,0,0,0,0,0,0,0,0,0,0,0,0.0658197913,0,0.0607906307,0.7729667533
"Beltran, Carlos",DH/OF,NYY,2014,109,403,46,94,23,0,15,49,37,80,3,1,0.23325062,0.401985112,0.300668151,0.702653263,0.807811109,1,0,0,0,0,0,1,ALE,AL,1,0,1,0,0,0,0,0,0,1,0,0,0,0,0,0,0,0,0,0,0,0,0,0,0,0,0,0,0,0,0,0,0,0,0,0,0,0,0.0441498137,1,0.0444109866,0.7634001224
"Beltre, Adrian",3B,TEX,2014,148,549,79,178,33,1,19,77,57,74,1,1,0.324225865,0.491803279,0.38762215,0.879425429,0.787673126,0,1,0,0,1,0,0,ALW,AL,0,1,0,0,0,1,0,0,0,0,0,0,0,0,0,0,1,0,0,0,0,0,0,0,0,0,0,0,0,0,0,0,0,0,0,0,0,0,0.0154011821,0,0.0030748363,0.7845982897
"Betts, Mookie",OF,BOS,2014,52,189,34,55,12,1,5,18,21,31,7,3,0.291005291,0.444444444,0.367924528,0.812368973,0.816864661,0,0,0,0,0,0,1,ALE,AL,0,0,0,0,0,0,0,0,0,0,0,0,0,0,0,0,0,0,0,0,0,0,0,1,0,0,0,0,0,0,0,0,0,0,0,0,0,0,0.0495924481,0,0.0407902266,0.7760744344
"Blackmon, Charlie",OF,COL,2014,154,593,82,171,27,3,19,72,31,96,28,10,0.28836425,0.440134907,0.334890966,0.775025873,0.796631046,0,0,0,0,0,0,1,NLW,NL,1,0,0,0,1,0,0,0,0,0,0,0,0,0,0,0,0,1,0,0,0,0,0,0,0,0,0,0,0,0,0,0,0,0,0,0,0,0,0.066794737,0,0.0473892379,0.7492418081
"Blanco, Gregor",OF,SF,2014,146,393,51,102,18,6,5,38,41,77,16,5,0.259541985,0.374045802,0.333333333,0.707379135,0.781123607,0,0,0,0,0,0,1,NLW,NL,0,1,0,0,0,1,0,0,0,0,0,0,0,0,0,0,0,0,0,0,0,0,1,0,0,0,0,0,0,0,0,0,0,0,0,0,0,0,0.0973692044,0,0.1091395161,0.6719840909
"Bogaerts, Xander",SS/3B,BOS,2014,144,538,60,129,28,1,12,46,39,138,2,3,0.239776952,0.362453532,0.297297297,0.659750829,0.775719623,0,1,0,0,1,1,0,ALE,AL,0,0,0,0,0,0,0,0,0,0,0,0,0,0,0,0,0,0,0,0,0,0,0,1,0,0,0,0,0,0,0,0,0,0,0,0,0,0,0.0957029142,1,0.0879100757,0.6878095473
"Bourjos, Peter",OF,STL,2014,119,264,32,61,9,5,4,24,20,78,9,3,0.231060606,0.348484848,0.294117647,0.642602496,0.622926094,0,0,0,0,0,0,1,NLC,NL,0,1,0,0,0,1,0,0,0,0,0,1,0,0,0,0,0,0,0,0,0,0,0,0,0,0,0,0,0,0,0,0,0,0,0,0,0,0,-0.048624901,0,-0.036234281,0.6591603755
"Bourn, Michael",OF,CLE,2014,107,448,57,114,17,10,3,28,36,115,10,6,0.254464286,0.357142857,0.312883436,0.670026293,0.592479523,0,0,0,0,0,0,1,ALC,AL,1,0,0,0,1,0,0,0,0,0,0,0,0,1,0,0,0,0,0,0,0,0,0,0,0,0,0,0,0,0,0,0,0,0,0,0,0,0,-0.153387026,0,-0.135812662,0.7282921853
"Bradley, Jackie",OF,BOS,2014,127,384,45,76,19,2,1,30,31,121,8,0,0.197916667,0.265625,0.265402844,0.531027844,0.83107089,0,0,0,0,0,0,1,ALE,AL,0,0,0,0,0,0,0,0,0,0,0,0,0,0,0,0,0,0,0,0,0,0,0,1,0,0,0,0,0,0,0,0,0,0,0,0,0,0,0.1647435447,0,0.1561713895,0.6748995005
"Brantley, Michael",OF,CLE,2014,157,616,94,201,46,2,20,98,52,57,23,1,0.326298701,0.50487013,0.383259912,0.888130042,0.85934586,0,0,0,0,0,0,1,ALC,AL,1,0,0,0,1,0,0,0,0,0,0,0,0,1,0,0,0,0,0,0,0,0,0,0,0,0,0,0,0,0,0,0,0,0,0,0,0,0,0.0674334975,0,0.0525560638,0.8067897962
"Braun, Ryan",OF,MIL,2014,135,530,68,141,30,6,19,81,41,113,11,5,0.266037736,0.452830189,0.324137931,0.77696812,0.854284738,0,0,0,0,0,0,1,NLC,NL,1,0,0,0,1,0,0,0,0,0,0,0,0,0,0,0,0,0,0,0,0,0,0,0,0,1,0,0,0,0,0,0,0,0,0,0,0,0,0.0627217763,0,0.0789858007,0.7752989373
"Brown, Domonic",OF,PHI,2014,144,473,47,111,22,1,10,63,34,91,7,1,0.234672304,0.348837209,0.28515625,0.633993459,0.633520075,0,0,0,0,0,0,1,NLE,NL,0,1,0,0,0,1,0,0,0,0,0,0,0,0,0,0,0,0,1,0,0,0,0,0,0,0,0,0,0,0,0,0,0,0,0,0,0,0,-0.053027078,0,-0.001977072,0.6354971472
"Bruce, Jay",OF,CIN,2014,137,493,71,107,21,1,18,66,44,149,12,3,0.21703854,0.373225152,0.28125,0.654475152,0.72878168,0,0,0,0,0,0,1,NLC,NL,1,0,0,0,1,0,0,0,0,0,0,0,0,0,0,0,0,0,0,0,0,0,0,0,0,0,1,0,0,0,0,0,0,0,0,0,0,0,-0.013788867,0,-0.032306444,0.7610881242
"Butler, Billy",DH/1B,KC,2014,152,552,57,149,32,0,9,66,41,97,0,0,0.269927536,0.376811594,0.322899506,0.6997111,0.713129914,1,1,1,0,0,0,0,ALC,AL,1,0,0,0,1,0,0,0,0,0,0,0,0,0,0,0,0,0,0,0,0,0,0,0,0,0,0,0,1,0,0,0,0,0,0,0,0,0,0.0175307353,1,0.0089426465,0.7041872675
"Byrd, Marlon",OF,PHI,2014,154,591,71,156,28,2,25,85,35,185,3,2,0.263959391,0.44500846,0.312401884,0.757410344,0.742080966,0,0,0,0,0,0,1,NLE,NL,0,1,0,0,0,1,0,0,0,0,0,0,0,0,0,0,0,0,1,0,0,0,0,0,0,0,0,0,0,0,0,0,0,0,0,0,0,0,-0.016942703,0,0.0330456554,0.7090353106
"Cabrera, Asdrubal",SS/2B,WSH,2014,146,553,74,133,31,4,14,61,49,108,10,2,0.240506329,0.386980108,0.307317073,0.694297182,0.744248425,0,1,0,1,0,1,0,NLE,NL,0,1,0,0,0,1,0,0,0,0,0,0,0,0,0,0,0,0,0,0,0,0,0,0,0,0,0,0,0,0,1,0,0,0,0,0,0,0,0.0255774378,1,0.024085888,0.720162537
"Cabrera, Melky",OF,TOR,2014,139,568,81,171,35,3,16,73,43,67,6,2,0.301056338,0.457746479,0.350565428,0.808311907,0.708520389,0,0,0,0,0,0,1,ALE,AL,0,1,0,0,0,1,0,0,0,0,0,0,0,0,0,0,0,0,0,0,0,1,0,0,0,0,0,0,0,0,0,0,0,0,0,0,0,0,-0.062411154,0,-0.074303512,0.7828239013
"Cabrera, Miguel",1B/DH,DET,2014,159,611,101,191,52,1,25,109,60,117,1,1,0.312602291,0.523731588,0.37080292,0.894534507,0.974112645,1,1,1,0,0,0,0,ALC,AL,1,0,0,0,1,0,0,0,0,0,0,0,0,0,0,0,0,0,0,1,0,0,0,0,0,0,0,0,0,0,0,0,0,0,0,0,0,0,0.1447098584,1,0.1298731253,0.8442395197
"Cain, Lorenzo",OF,KC,2014,134,475,55,142,29,4,5,53,24,108,28,5,0.298947368,0.408421053,0.335968379,0.744389432,0.838241127,0,0,0,0,0,0,1,ALC,AL,1,0,0,0,1,0,0,0,0,0,0,0,0,0,0,0,0,0,0,0,0,0,0,0,0,0,0,0,1,0,0,0,0,0,0,0,0,0,0.139833512,0,0.1395335061,0.6987076209
"Calhoun, Kole",OF,LAA,2014,127,493,90,134,31,3,17,58,38,104,5,3,0.271805274,0.45030426,0.325233645,0.775537904,0.730701754,0,0,0,0,0,0,1,ALW,AL,1,0,0,0,1,0,0,0,0,0,0,0,0,0,0,0,0,0,0,0,1,0,0,0,0,0,0,0,0,0,0,0,0,0,0,0,0,0,-0.048395643,0,-0.075102483,0.8058042372
"Callaspo, Alberto",2B/1B/DH,OAK,2014,127,404,37,90,15,0,4,39,40,50,0,1,0.222772277,0.28960396,0.290465632,0.580069592,0.593645485,1,1,1,1,0,0,0,ALW,AL,1,0,0,1,0,0,0,0,0,0,0,0,0,0,0,0,0,0,0,0,0,0,0,0,0,0,0,1,0,0,0,0,0,0,0,0,0,0,-0.077615338,1,-0.083353531,0.6769990162
"Campbell, Eric",OF,NYM,2014,85,190,16,50,9,0,3,16,17,55,3,0,0.263157895,0.357894737,0.323809524,0.681704261,0.60699281,0,0,0,0,0,0,1,NLE,NL,1,0,0,0,1,0,0,0,0,0,0,0,0,0,0,0,0,0,0,0,0,0,0,0,0,0,0,0,0,0,0,1,0,0,0,0,0,0,-0.084473642,0,-0.081472642,0.688465452
"Cano, Robinson",2B,SEA,2014,157,595,77,187,37,2,14,82,61,68,10,3,0.314285714,0.453781513,0.381954887,0.8357364,0.779340714,0,1,0,1,0,0,0,ALW,AL,0,1,0,0,0,1,0,0,0,0,1,0,0,0,0,0,0,0,0,0,0,0,0,0,0,0,0,0,0,0,0,0,0,0,0,0,0,0,0.0250877195,0,0.0193915752,0.7599491388
"Carpenter, Matt",3B,STL,2014,158,595,99,162,33,2,8,59,95,111,5,3,0.272268908,0.374789916,0.374823197,0.749613113,0.870640015,0,1,0,0,1,0,0,NLC,NL,0,1,0,0,0,1,0,0,0,0,0,1,0,0,0,0,0,0,0,0,0,0,0,0,0,0,0,0,0,0,0,0,0,0,0,0,0,0,0.1160440349,0,0.0866255122,0.7840145028
"Carter, Chris",DH,HOU,2014,145,507,68,115,21,1,37,88,56,182,5,2,0.226824458,0.49112426,0.307692308,0.798816568,0.734299517,1,0,0,0,0,0,0,ALW,AL,1,0,0,0,1,0,0,0,0,0,0,0,0,0,1,0,0,0,0,0,0,0,0,0,0,0,0,0,0,0,0,0,0,0,0,0,0,0,-0.095818649,0,-0.08549255,0.8197920671
"Castellanos, Nick",3B,DET,2014,148,533,50,138,31,4,11,66,36,140,2,2,0.25891182,0.393996248,0.305699482,0.69969573,0.721464542,0,1,0,0,1,0,0,ALC,AL,1,0,0,0,1,0,0,0,0,0,0,0,0,0,0,0,0,0,0,1,0,0,0,0,0,0,0,0,0,0,0,0,0,0,0,0,0,0,-0.000820791,0,0.0176358306,0.7038287114
"Castillo, Welington",C,CHC,2014,111,382,28,90,19,0,13,46,26,102,0,0,0.235602094,0.387434555,0.294964029,0.682398584,0.749512671,0,0,0,0,0,0,0,NLC,NL,0,0,0,0,0,0,0,0,0,0,0,0,0,0,0,0,0,0,0,0,0,0,0,0,0,0,0,0,0,0,0,0,0,1,0,0,0,0,0.0194991886,0,0.0317219215,0.7177907495
"Castro, Jason",C,HOU,2014,126,465,43,103,21,2,14,56,34,151,1,0,0.221505376,0.365591398,0.285714286,0.651305684,0.64765183,0,0,0,0,0,0,0,ALW,AL,1,0,0,0,1,0,0,0,0,0,0,0,0,0,1,0,0,0,0,0,0,0,0,0,0,0,0,0,0,0,0,0,0,0,0,0,0,0,-0.087190162,0,-0.076606075,0.7242579048
"Castro, Starlin",SS,CHC,2014,135,530,58,154,33,1,14,65,35,100,4,4,0.290566038,0.435849057,0.338003503,0.773852559,0.66757071,0,1,0,0,0,1,0,NLC,NL,0,0,0,0,0,0,0,0,0,0,0,0,0,0,0,0,0,0,0,0,0,0,0,0,0,0,0,0,0,0,0,0,0,1,0,0,0,0,-0.04221825,0,-0.043354792,0.710925502
"Cespedes, Yoenis",OF/DH,BOS,2014,152,600,89,156,36,6,22,100,35,128,7,2,0.26,0.45,0.300775194,0.750775194,0.870266506,1,0,0,0,0,0,1,ALE,AL,0,0,0,0,0,0,0,0,0,0,0,0,0,0,0,0,0,0,0,0,0,0,0,1,0,0,0,0,0,0,0,0,0,0,0,0,0,0,0.0841705122,1,0.0827947307,0.7874717753
"Chirinos, Robinson",C,TEX,2014,93,306,36,73,15,0,13,40,17,71,0,1,0.238562092,0.41503268,0.290419162,0.705451841,0.762395106,0,0,0,0,0,0,0,ALW,AL,0,1,0,0,0,1,0,0,0,0,0,0,0,0,0,0,1,0,0,0,0,0,0,0,0,0,0,0,0,0,0,0,0,0,0,0,0,0,0.0240704192,0,0.0198884298,0.7425066762
"Chisenhall, Lonnie",3B,CLE,2014,143,479,62,135,30,1,13,61,39,99,3,1,0.281837161,0.43006263,0.344045369,0.774107999,0.666816817,0,1,0,0,1,0,0,ALC,AL,1,0,0,0,1,0,0,0,0,0,0,0,0,1,0,0,0,0,0,0,0,0,0,0,0,0,0,0,0,0,0,0,0,0,0,0,0,0,-0.058764378,0,-0.066627138,0.7334439553
"Choo, Shin-Soo",OF/DH,TEX,2014,123,455,58,110,19,1,13,40,58,131,3,4,0.241758242,0.373626374,0.34026465,0.713891024,0.837871051,1,0,0,0,0,0,1,ALW,AL,0,1,0,0,0,1,0,0,0,0,0,0,0,0,0,0,1,0,0,0,0,0,0,0,0,0,0,0,0,0,0,0,0,0,0,0,0,0,0.0853849233,1,0.0790149231,0.7588561279
"Coghlan, Chris",OF,CHC,2014,126,387,50,109,28,5,9,41,39,82,7,4,0.281653747,0.449612403,0.350348028,0.799960431,0.783819268,0,0,0,0,0,0,1,NLC,NL,0,0,0,0,0,0,0,0,0,0,0,0,0,0,0,0,0,0,0,0,0,0,0,0,0,0,0,0,0,0,0,0,0,1,0,0,0,0,0.0355535434,0,0.0542432821,0.7295759859
"Colabello, Chris",1B,MIN,2014,59,205,17,47,13,0,6,39,14,66,0,2,0.229268293,0.380487805,0.281818182,0.662305987,0.886186186,0,1,1,0,0,0,0,ALC,AL,1,0,0,0,1,0,0,0,0,0,0,0,0,0,0,0,0,0,0,0,0,0,0,0,0,0,0,0,0,0,0,0,0,0,1,0,0,0,0.1355306786,0,0.1415160185,0.7446701675
"Conger, Hank",C,LAA,2014,80,231,24,51,12,0,4,25,22,57,0,2,0.220779221,0.324675325,0.29296875,0.617644075,0.759164703,0,0,0,0,0,0,0,ALW,AL,1,0,0,0,1,0,0,0,0,0,0,0,0,0,0,0,0,0,0,0,1,0,0,0,0,0,0,0,0,0,0,0,0,0,0,0,0,0,0.0430304055,0,0.0416353097,0.7175293933
"Cozart, Zack",SS,CIN,2014,147,506,48,112,18,5,4,38,25,79,7,0,0.221343874,0.300395257,0.267657993,0.568053249,0.768622042,0,1,0,0,0,1,0,NLC,NL,1,0,0,0,1,0,0,0,0,0,0,0,0,0,0,0,0,0,0,0,0,0,0,0,0,0,1,0,0,0,0,0,0,0,0,0,0,0,0.1487160285,0,0.1529999599,0.6156220821
"Crawford, Brandon",SS,SF,2014,154,493,54,122,20,10,10,69,59,129,5,3,0.247464503,0.389452333,0.324468085,0.713920418,0.782394077,0,1,0,0,0,1,0,NLW,NL,0,1,0,0,0,1,0,0,0,0,0,0,0,0,0,0,0,0,0,0,0,0,1,0,0,0,0,0,0,0,0,0,0,0,0,0,0,0,0.0789104759,0,0.1205243588,0.6618697182
"Crawford, Carl",OF,LAD,2014,105,343,56,103,14,3,8,46,16,55,23,6,0.300291545,0.428571429,0.338753388,0.767324816,0.706979839,0,0,0,0,0,0,1,NLW,NL,1,0,0,0,1,0,0,0,0,0,0,0,0,0,0,0,0,0,0,0,0,0,0,0,0,0,0,0,0,0,0,0,0,0,0,1,0,0,-0.001391568,0,-0.020349576,0.7273294152
"Cron, C.J.",DH/1B,LAA,2014,79,242,28,62,12,1,11,37,10,61,0,0,0.256198347,0.450413223,0.288537549,0.738950773,0.739401578,1,1,1,0,0,0,0,ALW,AL,1,0,0,0,1,0,0,0,0,0,0,0,0,0,0,0,0,0,0,0,1,0,0,0,0,0,0,0,0,0,0,0,0,0,0,0,0,0,-0.001402974,1,0.0009473932,0.7384541848
"Cruz, Nelson",DH/OF,BAL,2014,159,613,87,166,32,2,40,108,55,140,4,5,0.270799347,0.525285481,0.333333333,0.858618815,0.935567344,1,0,0,0,0,0,1,ALE,AL,0,0,0,0,0,0,0,0,0,0,0,0,0,0,0,0,0,0,0,0,0,0,0,0,0,0,0,0,0,0,0,0,0,0,0,0,1,0,0.0844438333,1,0.0897932251,0.8457741189
"Cuddyer, Michael",OF,COL,2014,49,190,32,63,15,1,10,31,14,30,3,0,0.331578947,0.578947368,0.375609756,0.954557125,0.699324849,0,0,0,0,0,0,1,NLW,NL,1,0,0,0,1,0,0,0,0,0,0,0,0,0,0,0,0,1,0,0,0,0,0,0,0,0,0,0,0,0,0,0,0,0,0,0,0,0,-0.094219874,0,-0.095370994,0.7946958426
"d'Arnaud, Travis",C,NYM,2014,108,385,48,93,22,3,13,41,32,64,1,0,0.241558442,0.415584416,0.302380952,0.717965368,0.824907887,0,0,0,0,0,0,0,NLE,NL,1,0,0,0,1,0,0,0,0,0,0,0,0,0,0,0,0,0,0,0,0,0,0,0,0,0,0,0,0,0,0,1,0,0,0,0,0,0,0.0621679745,0,0.0699036881,0.7550041989
"Davis, Chris",1B/3B,BAL,2014,127,450,65,88,16,0,26,72,60,173,2,1,0.195555556,0.404444444,0.299618321,0.704062765,0.923148655,0,1,1,0,1,0,0,ALE,AL,0,0,0,0,0,0,0,0,0,0,0,0,0,0,0,0,0,0,0,0,0,0,0,0,0,0,0,0,0,0,0,0,0,0,0,0,1,0,0.1271824869,1,0.1206170875,0.8025315675
"Davis, Ike",1B,PIT,2014,143,360,43,84,19,0,11,51,63,78,0,4,0.233333333,0.377777778,0.344262295,0.722040073,0.660579517,0,1,1,0,0,0,0,NLC,NL,0,1,0,0,0,1,0,0,0,0,0,0,0,0,0,1,0,0,0,0,0,0,0,0,0,0,0,0,0,0,0,0,0,0,0,0,0,0,-0.052976963,0,-0.046247896,0.7068274135
"Davis, Khris",OF,MIL,2014,144,501,70,122,37,2,22,69,32,122,4,1,0.243512974,0.457085828,0.298724954,0.755810783,0.827829314,0,0,0,0,0,0,1,NLC,NL,1,0,0,0,1,0,0,0,0,0,0,0,0,0,0,0,0,0,0,0,0,0,0,0,0,1,0,0,0,0,0,0,0,0,0,0,0,0,0.0499609838,0,0.0506918772,0.7771374368
"Davis, Rajai",OF,DET,2014,134,461,64,130,27,2,8,51,22,75,36,11,0.281995662,0.401301518,0.319755601,0.721057119,0.74611576,0,0,0,0,0,0,1,ALC,AL,1,0,0,0,1,0,0,0,0,0,0,0,0,0,0,0,0,0,0,1,0,0,0,0,0,0,0,0,0,0,0,0,0,0,0,0,0,0,0.0505873168,0,0.0311603895,0.7149553705
"De Aza, Alejandro",OF,BAL,2014,142,477,56,120,24,8,8,41,39,119,17,10,0.251572327,0.385744235,0.314285714,0.700029949,0.754871795,0,0,0,0,0,0,1,ALE,AL,0,0,0,0,0,0,0,0,0,0,0,0,0,0,0,0,0,0,0,0,0,0,0,0,0,0,0,0,0,0,0,0,0,0,0,0,1,0,0.030235895,0,0.053017167,0.701854628
"DeJesus, David",DH,TB,2014,83,238,24,59,15,2,6,19,30,43,0,3,0.24789916,0.403361345,0.344322344,0.747683689,0.62639108,1,0,0,0,0,0,0,ALE,AL,0,1,0,0,0,1,0,0,0,0,0,0,0,0,0,0,0,0,0,0,0,0,0,0,0,0,0,0,0,1,0,0,0,0,0,0,0,0,-0.119770147,0,-0.104045189,0.7304362686
"Denorfia, Chris",OF,SEA,2014,121,330,36,76,12,4,3,21,25,70,9,3,0.23030303,0.318181818,0.283707865,0.601889683,0.691418802,0,0,0,0,0,0,1,ALW,AL,0,1,0,0,0,1,0,0,0,0,1,0,0,0,0,0,0,0,0,0,0,0,0,0,0,0,0,0,0,0,0,0,0,0,0,0,0,0,0.0198486077,0,0.0257987666,0.6656200354
"Descalso, Daniel",2B,STL,2014,103,161,20,39,11,0,0,10,20,33,1,3,0.242236025,0.310559006,0.333333333,0.64389234,0.607251154,0,1,0,1,0,0,0,NLC,NL,0,1,0,0,0,1,0,0,0,0,0,1,0,0,0,0,0,0,0,0,0,0,0,0,0,0,0,0,0,0,0,0,0,0,0,0,0,0,-0.050965017,0,-0.052440141,0.6596912946
"Desmond, Ian",SS,WSH,2014,154,593,73,151,26,3,24,91,46,183,24,5,0.254637437,0.430016863,0.313271605,0.743288468,0.673983334,0,1,0,0,0,1,0,NLE,NL,0,1,0,0,0,1,0,0,0,0,0,0,0,0,0,0,0,0,0,0,0,0,0,0,0,0,0,0,0,0,1,0,0,0,0,0,0,0,-0.058228665,0,-0.056979056,0.7309623896
"Dickerson, Corey",OF,COL,2014,131,436,74,136,27,6,24,76,37,101,8,7,0.311926606,0.566513761,0.364016736,0.930530498,0.877785409,0,0,0,0,0,0,1,NLW,NL,1,0,0,0,1,0,0,0,0,0,0,0,0,0,0,0,0,1,0,0,0,0,0,0,0,0,0,0,0,0,0,0,0,0,0,0,0,0,0.0687322973,0,0.0795873526,0.7981980564
"Dietrich, Derek",2B,MIA,2014,49,158,31,36,6,2,5,17,13,38,1,0,0.227848101,0.386075949,0.325966851,0.7120428,0.802020761,0,1,0,1,0,0,0,NLE,NL,1,0,0,0,1,0,0,0,0,0,0,0,0,0,0,0,0,0,0,0,0,0,0,0,0,0,0,0,0,0,0,0,0,0,0,0,0,1,0.0479979837,0,0.0399430635,0.7620776975
"Donaldson, Josh",3B,OAK,2014,158,608,93,155,31,2,29,98,76,130,8,0,0.254934211,0.455592105,0.342446043,0.798038148,0.938686928,0,1,0,0,1,0,0,ALW,AL,1,0,0,1,0,0,0,0,0,0,0,0,0,0,0,0,0,0,0,0,0,0,0,0,0,0,0,1,0,0,0,0,0,0,0,0,0,0,0.1146489593,0,0.1072435457,0.8314433823
"Dozier, Brian",2B,MIN,2014,156,598,112,145,33,1,23,71,89,129,21,7,0.242474916,0.41638796,0.345170455,0.761558414,0.751085698,0,1,0,1,0,0,0,ALC,AL,1,0,0,0,1,0,0,0,0,0,0,0,0,0,0,0,0,0,0,0,0,0,0,0,0,0,0,0,0,0,0,0,0,0,1,0,0,0,-0.063105691,0,-0.098164205,0.849249903
"Drew, Stephen",SS/2B,NYY,2014,85,271,18,44,14,1,7,26,27,75,1,1,0.162361624,0.298892989,0.236666667,0.535559656,0.652427459,0,1,0,1,0,1,0,ALE,AL,1,0,1,0,0,0,0,0,0,1,0,0,0,0,0,0,0,0,0,0,0,0,0,0,0,0,0,0,0,0,0,0,0,0,0,0,0,0,-0.049782237,1,-0.032165669,0.6845931276
"Duda, Lucas",1B,NYM,2014,153,514,74,130,27,0,30,92,69,135,3,2,0.252918288,0.480544747,0.348993289,0.829538036,0.838185135,0,1,1,0,0,0,0,NLE,NL,1,0,0,0,1,0,0,0,0,0,0,0,0,0,0,0,0,0,0,0,0,0,0,0,0,0,0,0,0,0,0,1,0,0,0,0,0,0,0.0286421606,0,0.0289855349,0.8091996001
"Dyson, Jarrod",OF,KC,2014,120,260,33,70,4,4,1,24,22,52,36,7,0.269230769,0.326923077,0.323943662,0.650866739,0.690502283,0,0,0,0,0,0,1,ALC,AL,1,0,0,0,1,0,0,0,0,0,0,0,0,0,0,0,0,0,0,0,0,0,0,0,0,0,0,0,1,0,0,0,0,0,0,0,0,0,0.0481115778,0,0.0479927245,0.6425095585
"Eaton, Adam",OF,CHW,2014,123,486,76,146,26,10,1,35,43,83,15,9,0.300411523,0.401234568,0.361940299,0.763174866,0.791323236,0,0,0,0,0,0,1,ALC,AL,1,0,0,0,1,0,0,0,1,0,0,0,0,0,0,0,0,0,0,0,0,0,0,0,0,0,0,0,0,0,0,0,0,0,0,0,0,0,0.0506320829,0,0.0541389705,0.7371842655
"Ellis, A.J.",C,LAD,2014,93,283,21,54,9,0,3,25,53,57,0,0,0.190812721,0.254416961,0.322674419,0.57709138,0.758455104,0,0,0,0,0,0,0,NLW,NL,1,0,0,0,1,0,0,0,0,0,0,0,0,0,0,0,0,0,0,0,0,0,0,0,0,0,0,0,0,0,0,0,0,0,0,1,0,0,0.0387367891,0,0.0485665594,0.7098885446
"Ellsbury, Jacoby",OF,NYY,2014,149,575,71,156,27,5,16,70,49,93,39,5,0.271304348,0.419130435,0.32807571,0.747206145,0.663040188,0,0,0,0,0,0,1,ALE,AL,1,0,1,0,0,0,0,0,0,1,0,0,0,0,0,0,0,0,0,0,0,0,0,0,0,0,0,0,0,0,0,0,0,0,0,0,0,0,-0.090769456,0,-0.085090332,0.7481305197
"Encarnacion, Edwin",1B/DH,TOR,2014,128,477,75,128,27,2,34,98,62,82,2,0,0.268343816,0.547169811,0.354243542,0.901413354,0.926719114,1,1,1,0,0,0,0,ALE,AL,0,1,0,0,0,1,0,0,0,0,0,0,0,0,0,0,0,0,0,0,0,1,0,0,0,0,0,0,0,0,0,0,0,0,0,0,0,0,0.058910452,1,0.0685690584,0.8581500556
"Escobar, Alcides",SS,KC,2014,163,582,74,166,34,5,3,50,23,85,32,6,0.285223368,0.37628866,0.317073171,0.693361831,0.613656215,0,1,0,0,0,1,0,ALC,AL,1,0,0,0,1,0,0,0,0,0,0,0,0,0,0,0,0,0,0,0,0,0,0,0,0,0,0,0,1,0,0,0,0,0,0,0,0,0,-0.011461111,0,-0.025851945,0.6395081602
"Escobar, Eduardo",SS/3B,MIN,2014,133,433,52,119,35,2,6,37,24,93,1,1,0.27482679,0.406466513,0.314533623,0.721000135,0.753546334,0,1,0,0,1,1,0,ALC,AL,1,0,0,0,1,0,0,0,0,0,0,0,0,0,0,0,0,0,0,0,0,0,0,0,0,0,0,0,0,0,0,0,0,0,1,0,0,0,0.0799971072,1,0.0796319541,0.6739143799
"Escobar, Yunel",SS,TB,2014,137,476,33,123,18,0,7,39,43,60,1,1,0.258403361,0.340336134,0.323809524,0.664145658,0.789529542,0,1,0,0,0,1,0,ALE,AL,0,1,0,0,0,1,0,0,0,0,0,0,0,0,0,0,0,0,0,0,0,0,0,0,0,0,0,0,0,1,0,0,0,0,0,0,0,0,0.1446642121,0,0.1511140703,0.6384154717
"Espinosa, Danny",2B,WSH,2014,114,333,31,73,14,3,8,27,18,122,8,1,0.219219219,0.351351351,0.282967033,0.634318384,0.724402577,0,1,0,1,0,0,0,NLE,NL,0,1,0,0,0,1,0,0,0,0,0,0,0,0,0,0,0,0,0,0,0,0,0,0,0,0,0,0,0,0,1,0,0,0,0,0,0,0,0.027562324,0,0.0388272516,0.6855753254
"Ethier, Andre",OF,LAD,2014,130,341,29,85,17,6,4,42,31,74,2,2,0.249266862,0.369501466,0.321899736,0.691401202,0.852368084,0,0,0,0,0,0,1,NLW,NL,1,0,0,0,1,0,0,0,0,0,0,0,0,0,0,0,0,0,0,0,0,0,0,0,0,0,0,0,0,0,0,0,0,0,0,1,0,0,0.1621875948,0,0.1934936926,0.6588743914
"Fielder, Prince",1B,TEX,2014,42,150,19,37,8,0,3,16,25,24,0,0,0.246666667,0.36,0.359550562,0.719550562,0.841361647,0,1,1,0,0,0,0,ALW,AL,0,1,0,0,0,1,0,0,0,0,0,0,0,0,0,0,1,0,0,0,0,0,0,0,0,0,0,0,0,0,0,0,0,0,0,0,0,0,0.0773324508,0,0.0766734334,0.7646882136
"Flaherty, Ryan",3B/2B/SS,BAL,2014,102,281,33,62,15,1,7,32,22,68,1,0,0.220640569,0.355871886,0.28802589,0.643897776,0.636741698,0,1,0,1,1,1,0,ALE,AL,0,0,0,0,0,0,0,0,0,0,0,0,0,0,0,0,0,0,0,0,0,0,0,0,0,0,0,0,0,0,0,0,0,0,0,0,1,0,-0.036092934,1,-0.036020701,0.6727623991
"Flores, Wilmer",SS,NYM,2014,78,259,28,64,13,1,6,29,12,31,1,0,0.247104247,0.374517375,0.282051282,0.656568657,0.703143085,0,1,0,0,0,1,0,NLE,NL,1,0,0,0,1,0,0,0,0,0,0,0,0,0,0,0,0,0,0,0,0,0,0,0,0,0,0,0,0,0,0,1,0,0,0,0,0,0,0.0139138203,0,0.0125545791,0.6905885059
"Flowers, Tyler",C,CHW,2014,127,407,42,98,16,1,15,50,25,159,0,1,0.240786241,0.395577396,0.297052154,0.69262955,0.651760092,0,0,0,0,0,0,0,ALC,AL,1,0,0,0,1,0,0,0,1,0,0,0,0,0,0,0,0,0,0,0,0,0,0,0,0,0,0,0,0,0,0,0,0,0,0,0,0,0,-0.059713829,0,-0.058661883,0.7104219748
"Forsythe, Logan",2B/DH,TB,2014,110,301,32,67,12,1,6,26,25,71,2,0,0.222591362,0.328903654,0.28742515,0.616328804,0.803794038,1,1,0,1,0,0,0,ALE,AL,0,1,0,0,0,1,0,0,0,0,0,0,0,0,0,0,0,0,0,0,0,0,0,0,0,0,0,0,0,1,0,0,0,0,0,0,0,0,0.1162922232,1,0.1151180298,0.6886760082
"Fowler, Dexter",OF,HOU,2014,116,434,61,120,21,4,8,35,66,108,11,4,0.276497696,0.398617512,0.375,0.773617512,0.757004058,0,0,0,0,0,0,1,ALW,AL,1,0,0,0,1,0,0,0,0,0,0,0,0,0,1,0,0,0,0,0,0,0,0,0,0,0,0,0,0,0,0,0,0,0,0,0,0,0,-0.011592409,0,-0.008455204,0.7654592623
"Frazier, Todd",3B/1B,CIN,2014,157,597,88,163,22,1,29,80,52,139,20,8,0.273031826,0.458961474,0.336363636,0.79532511,0.806291655,0,1,1,0,1,0,0,NLC,NL,1,0,0,0,1,0,0,0,0,0,0,0,0,0,0,0,0,0,0,0,0,0,0,0,0,0,1,0,0,0,0,0,0,0,0,0,0,0,0.0331028266,1,0.0113709432,0.7949207118
"Freeman, Freddie",1B,ATL,2014,162,607,93,175,43,4,18,78,90,145,3,4,0.28830313,0.461285008,0.38559322,0.846878229,0.841216216,0,1,1,0,0,0,0,NLE,NL,0,0,0,0,0,0,0,0,0,0,0,0,0,0,0,0,0,0,0,0,0,0,0,0,1,0,0,0,0,0,0,0,0,0,0,0,0,0,0.0204444245,0,0.0250488508,0.8161673652
"Freese, David",3B,LAA,2014,134,462,53,120,25,1,10,55,38,124,1,3,0.25974026,0.383116883,0.320939335,0.704056218,0.743215576,0,1,0,0,1,0,0,ALW,AL,1,0,0,0,1,0,0,0,0,0,0,0,0,0,0,0,0,0,0,0,1,0,0,0,0,0,0,0,0,0,0,0,0,0,0,0,0,0,0.030011323,0,0.0246146426,0.7186009334
"Fuld, Sam",OF,OAK,2014,113,351,40,84,16,4,4,36,43,63,21,4,0.239316239,0.341880342,0.320707071,0.662587413,0.568645244,0,0,0,0,0,0,1,ALW,AL,1,0,0,1,0,0,0,0,0,0,0,0,0,0,0,0,0,0,0,0,0,0,0,0,0,0,0,1,0,0,0,0,0,0,0,0,0,0,-0.149093685,0,-0.137817289,0.7064625327
"Garcia, Avisail",OF,CHW,2014,46,172,19,42,8,0,7,29,14,44,4,1,0.244186047,0.412790698,0.305263158,0.718053856,0.675280289,0,0,0,0,0,0,1,ALC,AL,1,0,0,0,1,0,0,0,1,0,0,0,0,0,0,0,0,0,0,0,0,0,0,0,0,0,0,0,0,0,0,0,0,0,0,0,0,0,-0.088416122,0,-0.088230101,0.7635103903
"Gardner, Brett",OF,NYY,2014,148,555,87,142,25,8,17,58,56,134,21,5,0.255855856,0.421621622,0.327447833,0.749069455,0.741892067,0,0,0,0,0,0,1,ALE,AL,1,0,1,0,0,0,0,0,0,1,0,0,0,0,0,0,0,0,0,0,0,0,0,0,0,0,0,0,0,0,0,0,0,0,0,0,0,0,-0.035841199,0,-0.032389284,0.7742813511
"Gattis, Evan",C,ATL,2014,108,369,41,97,17,1,22,52,22,97,0,0,0.262872629,0.493224932,0.316708229,0.809933162,0.747665738,0,0,0,0,0,0,0,NLE,NL,0,0,0,0,0,0,0,0,0,0,0,0,0,0,0,0,0,0,0,0,0,0,0,0,1,0,0,0,0,0,0,0,0,0,0,0,0,0,-0.023601889,0,-0.014860334,0.7625260717
"Gennett, Scooter",2B,MIL,2014,137,440,55,127,31,3,9,54,22,67,6,3,0.288636364,0.434090909,0.319742489,0.753833398,0.67545098,0,1,0,1,0,0,0,NLC,NL,1,0,0,0,1,0,0,0,0,0,0,0,0,0,0,0,0,0,0,0,0,0,0,0,0,1,0,0,0,0,0,0,0,0,0,0,0,0,-0.033997497,0,-0.033709684,0.7091606642
"Gillaspie, Conor",3B,CHW,2014,130,464,50,131,31,5,7,57,36,78,0,4,0.282327586,0.415948276,0.335968379,0.751916655,0.627424493,0,1,0,0,1,0,0,ALC,AL,1,0,0,0,1,0,0,0,1,0,0,0,0,0,0,0,0,0,0,0,0,0,0,0,0,0,0,0,0,0,0,0,0,0,0,0,0,0,-0.10910156,0,-0.091074663,0.7184991563
"Goins, Ryan",2B,TOR,2014,67,181,14,34,6,3,1,15,5,42,0,1,0.187845304,0.270718232,0.20855615,0.479274382,0.67201319,0,1,0,1,0,0,0,ALE,AL,0,1,0,0,0,1,0,0,0,0,0,0,0,0,0,0,0,0,0,0,0,1,0,0,0,0,0,0,0,0,0,0,0,0,0,0,0,0,-0.032124859,0,-0.021782081,0.6937952711
"Goldschmidt, Paul",1B,AZ,2014,109,406,75,122,39,1,19,69,64,110,9,3,0.300492611,0.541871921,0.395789474,0.937661395,1.004823404,0,1,1,0,0,0,0,NLW,NL,0,0,0,0,0,0,0,0,0,0,0,0,0,0,0,0,0,0,0,0,0,0,0,0,0,0,0,0,0,0,0,0,1,0,0,0,0,0,0.1512685436,0,0.148792714,0.85603069
"Gomes, Jonny",OF,OAK,2014,112,273,28,64,8,0,6,37,35,88,0,0,0.234432234,0.32967033,0.327102804,0.656773133,0.659643766,0,0,0,0,0,0,1,ALW,AL,1,0,0,1,0,0,0,0,0,0,0,0,0,0,0,0,0,0,0,0,0,0,0,0,0,0,0,1,0,0,0,0,0,0,0,0,0,0,-0.022074228,0,-0.0230822,0.6827259662
"Gomes, Yan",C,CLE,2014,136,490,63,139,25,3,21,74,24,120,0,0,0.283673469,0.475510204,0.317399618,0.792909822,0.658536758,0,0,0,0,0,0,0,ALC,AL,1,0,0,0,1,0,0,0,0,0,0,0,0,1,0,0,0,0,0,0,0,0,0,0,0,0,0,0,0,0,0,0,0,0,0,0,0,0,-0.095507677,0,-0.095436794,0.7539735524
"Gomez, Carlos",OF,MIL,2014,148,574,95,163,34,4,23,73,47,141,34,12,0.283972125,0.477351916,0.356143079,0.833494996,0.723541394,0,0,0,0,0,0,1,NLC,NL,1,0,0,0,1,0,0,0,0,0,0,0,0,0,0,0,0,0,0,0,0,0,0,0,0,1,0,0,0,0,0,0,0,0,0,0,0,0,-0.072467264,0,-0.087104118,0.8106455118
"Gonzalez, Adrian",1B,LAD,2014,159,591,83,163,41,0,27,116,56,112,1,1,0.275803723,0.482233503,0.334848485,0.817081987,0.830327185,0,1,1,0,0,0,0,NLW,NL,1,0,0,0,1,0,0,0,0,0,0,0,0,0,0,0,0,0,0,0,0,0,0,0,0,0,0,0,0,0,0,0,0,0,0,1,0,0,0.0262827779,0,0.0197348154,0.8105923696
"Gonzalez, Carlos",OF,COL,2014,70,260,35,62,15,1,11,38,19,70,3,0,0.238461538,0.430769231,0.291814947,0.722584177,0.864258144,0,0,0,0,0,0,1,NLW,NL,1,0,0,0,1,0,0,0,0,0,0,0,0,0,0,0,0,1,0,0,0,0,0,0,0,0,0,0,0,0,0,0,0,0,0,0,0,0,0.092702483,0,0.0918882913,0.7723698527
"Gonzalez, Marwin",SS,HOU,2014,103,285,33,79,15,1,6,23,17,58,2,4,0.277192982,0.4,0.326797386,0.726797386,0.758664873,0,1,0,0,0,1,0,ALW,AL,1,0,0,0,1,0,0,0,0,0,0,0,0,0,1,0,0,0,0,0,0,0,0,0,0,0,0,0,0,0,0,0,0,0,0,0,0,0,0.0975286993,0,0.0948488326,0.6638160404
"Gordon, Alex",OF,KC,2014,157,566,88,152,34,1,20,76,65,126,12,3,0.268551237,0.438162544,0.352395672,0.790558217,0.814175168,0,0,0,0,0,0,1,ALC,AL,1,0,0,0,1,0,0,0,0,0,0,0,0,0,0,0,0,0,0,0,0,0,0,0,0,0,0,0,1,0,0,0,0,0,0,0,0,0,0.0398606581,0,0.0221075965,0.7920675715
"Gordon, Dee",2B,LAD,2014,148,609,92,176,24,12,2,34,31,107,64,19,0.288998358,0.377668309,0.326120556,0.703788865,0.776464231,0,1,0,1,0,0,0,NLW,NL,1,0,0,0,1,0,0,0,0,0,0,0,0,0,0,0,0,0,0,0,0,0,0,0,0,0,0,0,0,0,0,0,0,0,0,1,0,0,0.0778839609,0,0.0691212665,0.7073429645
"Gose, Anthony",OF,TOR,2014,94,239,31,54,8,1,2,13,25,74,15,5,0.225941423,0.292887029,0.311111111,0.60399814,0.687835825,0,0,0,0,0,0,1,ALE,AL,0,1,0,0,0,1,0,0,0,0,0,0,0,0,0,0,0,0,0,0,0,1,0,0,0,0,0,0,0,0,0,0,0,0,0,0,0,0,0.0031276301,0,-0.005207069,0.6930428938
"Grandal, Yasmani",C/1B,SD,2014,128,377,47,85,19,1,15,49,58,115,3,0,0.225464191,0.400530504,0.32731377,0.727844274,0.755758078,0,1,1,0,0,0,0,NLW,NL,0,1,0,0,0,1,0,0,0,0,0,0,1,0,0,0,0,0,0,0,0,0,0,0,0,0,0,0,0,0,0,0,0,0,0,0,0,0,0.0018443099,1,0.0107209588,0.7450371192
"Granderson, Curtis",OF,NYM,2014,155,564,73,128,27,2,20,66,79,141,8,2,0.226950355,0.388297872,0.325688073,0.713985946,0.820532915,0,0,0,0,0,0,1,NLE,NL,1,0,0,0,1,0,0,0,0,0,0,0,0,0,0,0,0,0,0,0,0,0,0,0,0,0,0,0,0,0,0,1,0,0,0,0,0,0,0.03852941,0,0.042245219,0.778287696
"Gregorius, Didi",SS,AZ,2014,80,270,35,61,9,5,6,27,22,52,3,0,0.225925926,0.362962963,0.28956229,0.652525253,0.687784679,0,1,0,0,0,1,0,NLW,NL,0,0,0,0,0,0,0,0,0,0,0,0,0,0,0,0,0,0,0,0,0,0,0,0,0,0,0,0,0,0,0,0,1,0,0,0,0,0,-0.019890735,0,-0.009658392,0.697443071
"Guyer, Brandon",OF,TB,2014,97,259,37,69,15,1,3,26,16,52,6,1,0.266409266,0.366795367,0.334494774,0.70129014,0.771289346,0,0,0,0,0,0,1,ALE,AL,0,1,0,0,0,1,0,0,0,0,0,0,0,0,0,0,0,0,0,0,0,0,0,0,0,0,0,0,0,1,0,0,0,0,0,0,0,0,0.0807881959,0,0.069157125,0.702132221
"Gyorko, Jedd",2B,SD,2014,111,400,37,84,17,1,10,51,36,100,3,2,0.21,0.3325,0.279909707,0.612409707,0.693617816,0,1,0,1,0,0,0,NLW,NL,0,1,0,0,0,1,0,0,0,0,0,0,1,0,0,0,0,0,0,0,0,0,0,0,0,0,0,0,0,0,0,0,0,0,0,0,0,0,-0.034303415,0,-0.02917563,0.7227934458
"Hamilton, Billy",OF,CIN,2014,152,563,72,141,25,8,6,48,34,117,56,23,0.25044405,0.355239787,0.292358804,0.647598591,0.562992255,0,0,0,0,0,0,1,NLC,NL,1,0,0,0,1,0,0,0,0,0,0,0,0,0,0,0,0,0,0,0,0,0,0,0,0,0,1,0,0,0,0,0,0,0,0,0,0,0,-0.133903442,0,-0.132370512,0.6953627669
"Hamilton, Josh",OF,LAA,2014,89,338,43,89,21,0,10,44,32,108,3,3,0.263313609,0.414201183,0.330708661,0.744909845,0.732385262,0,0,0,0,0,0,1,ALW,AL,1,0,0,0,1,0,0,0,0,0,0,0,0,0,0,0,0,0,0,0,1,0,0,0,0,0,0,0,0,0,0,0,0,0,0,0,0,0,-0.029003132,0,-0.03499785,0.7673831117
"Hanigan, Ryan",C,TB,2014,84,225,18,49,9,0,5,34,31,39,1,0,0.217777778,0.324444444,0.318007663,0.642452107,0.664269624,0,0,0,0,0,0,0,ALE,AL,0,1,0,0,0,1,0,0,0,0,0,0,0,0,0,0,0,0,0,0,0,0,0,0,0,0,0,0,0,1,0,0,0,0,0,0,0,0,-0.053562701,0,-0.045974724,0.7102443478
"Hardy, J.J.",SS,BAL,2014,141,529,56,142,28,0,9,52,29,104,0,0,0.268431002,0.372400756,0.309187279,0.681588035,0.564309086,0,1,0,0,0,1,0,ALE,AL,0,0,0,0,0,0,0,0,0,0,0,0,0,0,0,0,0,0,0,0,0,0,0,0,0,0,0,0,0,0,0,0,0,0,0,0,1,0,-0.090579019,0,-0.105409237,0.6697183229
"Harper, Bryce",OF,WSH,2014,100,352,41,96,10,2,13,32,38,104,2,2,0.272727273,0.423295455,0.344387755,0.76768321,1.108997048,0,0,0,0,0,0,1,NLE,NL,0,1,0,0,0,1,0,0,0,0,0,0,0,0,0,0,0,0,0,0,0,0,0,0,0,0,0,0,0,0,1,0,0,0,0,0,0,0,0.3594803443,0,,0.7462675825
"Harrison, Josh",3B/OF,PIT,2014,144,526,78,168,40,7,13,54,22,82,18,7,0.319391635,0.496197719,0.350180505,0.846378224,0.717306413,0,1,0,0,1,0,1,NLC,NL,0,1,0,0,0,1,0,0,0,0,0,0,0,0,0,1,0,0,0,0,0,0,0,0,0,0,0,0,0,0,0,0,0,0,0,0,0,0,-0.039508224,1,-0.034792294,0.7520987066
"Headley, Chase",3B,NYY,2014,135,470,55,114,20,1,13,49,51,122,7,3,0.242553191,0.372340426,0.327683616,0.700024041,0.692953056,0,1,0,0,1,0,0,ALE,AL,1,0,1,0,0,0,0,0,0,1,0,0,0,0,0,0,0,0,0,0,0,0,0,0,0,0,0,0,0,0,0,0,0,0,0,0,0,0,-0.035564158,0,-0.03945124,0.7324042955
"Hechavarria, Adeiny",SS,MIA,2014,146,536,53,148,20,10,1,34,26,86,7,5,0.276119403,0.356343284,0.307557118,0.663900401,0.689097344,0,1,0,0,0,1,0,NLE,NL,1,0,0,0,1,0,0,0,0,0,0,0,0,0,0,0,0,0,0,0,0,0,0,0,0,0,0,0,0,0,0,0,0,0,0,0,0,1,0.0513679775,0,0.072630602,0.616466742
"Heyward, Jason",OF,ATL,2014,149,573,74,155,26,3,11,58,67,98,20,4,0.270506108,0.383944154,0.351309707,0.735253861,0.797309487,0,0,0,0,0,0,1,NLE,NL,0,0,0,0,0,0,0,0,0,0,0,0,0,0,0,0,0,0,0,0,0,0,0,0,1,0,0,0,0,0,0,0,0,0,0,0,0,0,0.0579320945,0,0.0502759067,0.7470335803
"Hicks, Aaron",OF,MIN,2014,69,186,22,40,8,0,1,18,36,56,4,3,0.215053763,0.274193548,0.340807175,0.615000723,0.720804196,0,0,0,0,0,0,1,ALC,AL,1,0,0,0,1,0,0,0,0,0,0,0,0,0,0,0,0,0,0,0,0,0,0,0,0,0,0,0,0,0,0,0,0,0,1,0,0,0,-0.005172902,0,-0.00645427,0.7272584659
"Hill, Aaron",2B,AZ,2014,133,501,52,122,26,3,10,60,28,92,4,3,0.243512974,0.367265469,0.28650647,0.653771939,0.639665487,0,1,0,1,0,0,0,NLW,NL,0,0,0,0,0,0,0,0,0,0,0,0,0,0,0,0,0,0,0,0,0,0,0,0,0,0,0,0,0,0,0,0,1,0,0,0,0,0,-0.075792947,0,-0.073000687,0.712666174
"Holliday, Matt",OF,STL,2014,156,574,83,156,37,0,20,90,74,100,4,1,0.271777003,0.440766551,0.370314843,0.811081393,0.803982154,0,0,0,0,0,0,1,NLC,NL,0,1,0,0,0,1,0,0,0,0,0,1,0,0,0,0,0,0,0,0,0,0,0,0,0,0,0,0,0,0,0,0,0,0,0,0,0,0,0.0160125363,0,0.0046092184,0.7993729356
"Holt, Brock",OF/3B,BOS,2014,106,449,68,126,23,5,4,29,33,98,12,2,0.280623608,0.380846325,0.330595483,0.711441808,0.727369477,0,1,0,0,1,0,1,ALE,AL,0,0,0,0,0,0,0,0,0,0,0,0,0,0,0,0,0,0,0,0,0,0,0,1,0,0,0,0,0,0,0,0,0,0,0,0,0,0,-0.010653911,1,-0.025365768,0.7527352455
"Hosmer, Eric",1B,KC,2014,131,503,54,136,35,1,9,58,35,93,4,2,0.270377734,0.397614314,0.31809872,0.715713034,0.822461861,0,1,1,0,0,0,0,ALC,AL,1,0,0,0,1,0,0,0,0,0,0,0,0,0,0,0,0,0,0,0,0,0,0,0,0,0,0,0,1,0,0,0,0,0,0,0,0,0,0.0897663471,0,0.0888055394,0.7336563216
"Howard, Ryan",1B,PHI,2014,153,569,65,127,18,1,23,95,67,190,0,0,0.223198594,0.379613357,0.310185185,0.689798542,0.720147248,0,1,1,0,0,0,0,NLE,NL,0,1,0,0,0,1,0,0,0,0,0,0,0,0,0,0,0,0,1,0,0,0,0,0,0,0,0,0,0,0,0,0,0,0,0,0,0,0,-0.039664834,0,0.0132442368,0.7069030112
"Hundley, Nick",C,BAL,2014,83,218,18,53,7,0,6,22,10,63,1,0,0.243119266,0.357798165,0.272727273,0.630525438,0.806544734,0,0,0,0,0,0,0,ALE,AL,0,0,0,0,0,0,0,0,0,0,0,0,0,0,0,0,0,0,0,0,0,0,0,0,0,0,0,0,0,0,0,0,0,0,0,0,1,0,0.1108282234,0,0.1107423497,0.6958023843
"Hunter, Torii",OF,DET,2014,142,549,71,157,33,2,17,83,23,89,4,3,0.285974499,0.446265938,0.319112628,0.765378566,0.701598134,0,0,0,0,0,0,1,ALC,AL,1,0,0,0,1,0,0,0,0,0,0,0,0,0,0,0,0,0,0,1,0,0,0,0,0,0,0,0,0,0,0,0,0,0,0,0,0,0,-0.037371648,0,-0.049606999,0.7512051334
"Iannetta, Chris",C,LAA,2014,108,306,41,77,22,0,7,43,54,91,3,0,0.251633987,0.392156863,0.372654155,0.764811018,0.627934218,0,0,0,0,0,0,0,ALW,AL,1,0,0,0,1,0,0,0,0,0,0,0,0,0,0,0,0,0,0,0,1,0,0,0,0,0,0,0,0,0,0,0,0,0,0,0,0,0,-0.11776717,0,-0.115522224,0.743456442
"Inciarte, Ender",OF,AZ,2014,118,418,54,116,18,2,4,27,25,53,19,3,0.277511962,0.358851675,0.318284424,0.677136099,0.746500703,0,0,0,0,0,0,1,NLW,NL,0,0,0,0,0,0,0,0,0,0,0,0,0,0,0,0,0,0,0,0,0,0,0,0,0,0,0,0,0,0,0,0,1,0,0,0,0,0,0.0617980296,0,0.0427751059,0.7037255971
"Infante, Omar",2B,KC,2014,136,532,50,134,21,3,6,66,33,70,9,3,0.251879699,0.336466165,0.294425087,0.630891253,0.552177403,0,1,0,1,0,0,0,ALC,AL,1,0,0,0,1,0,0,0,0,0,0,0,0,0,0,0,0,0,0,0,0,0,0,0,0,0,0,0,1,0,0,0,0,0,0,0,0,0,-0.134737442,0,-0.136095771,0.6882731738
"Jackson, Austin",OF,SEA,2014,154,597,71,153,30,6,4,47,47,144,20,6,0.256281407,0.346733668,0.308396947,0.655130615,0.695997419,0,0,0,0,0,0,1,ALW,AL,0,1,0,0,0,1,0,0,0,0,1,0,0,0,0,0,0,0,0,0,0,0,0,0,0,0,0,0,0,0,0,0,0,0,0,0,0,0,-0.005092874,0,-0.005827513,0.7018249319
"Jaso, John",C/DH,OAK,2014,99,307,42,81,18,3,9,40,28,60,2,0,0.263843648,0.429967427,0.337209302,0.767176729,0.839089089,1,0,0,0,0,0,0,ALW,AL,1,0,0,1,0,0,0,0,0,0,0,0,0,0,0,0,0,0,0,0,0,0,0,0,0,0,0,1,0,0,0,0,0,0,0,0,0,0,0.0943617606,1,0.09973799,0.739351099
"Jay, Jon",OF,STL,2014,140,413,52,125,16,3,3,46,28,78,6,3,0.302663438,0.377723971,0.372043011,0.749766982,0.560047421,0,0,0,0,0,0,1,NLC,NL,0,1,0,0,0,1,0,0,0,0,0,1,0,0,0,0,0,0,0,0,0,0,0,0,0,0,0,0,0,0,0,0,0,0,0,0,0,0,-0.090084012,0,-0.102506397,0.6625538184
"Johnson, Chris",3B,ATL,2014,153,582,43,153,27,0,10,58,23,159,6,0,0.262886598,0.360824742,0.29228243,0.653107172,0.623723069,0,1,0,0,1,0,0,NLE,NL,0,0,0,0,0,0,0,0,0,0,0,0,0,0,0,0,0,0,0,0,0,0,0,0,1,0,0,0,0,0,0,0,0,0,0,0,0,0,-0.043228565,0,-0.044434437,0.6681575056
"Johnson, Kelly",3B/1B,BAL,2014,106,265,29,57,14,2,7,27,29,71,2,2,0.21509434,0.362264151,0.296296296,0.658560447,0.765656566,0,1,1,0,1,0,0,ALE,AL,0,0,0,0,0,0,0,0,0,0,0,0,0,0,0,0,0,0,0,0,0,0,0,0,0,0,0,0,0,0,0,0,0,0,0,0,1,0,0.0535786759,1,0.0645807704,0.7010757956
"Jones, Adam",OF,BAL,2014,159,644,88,181,30,2,29,96,19,133,7,1,0.281055901,0.468944099,0.31085044,0.779794539,0.782448475,0,0,0,0,0,0,1,ALE,AL,0,0,0,0,0,0,0,0,0,0,0,0,0,0,0,0,0,0,0,0,0,0,0,0,0,0,0,0,0,0,0,0,0,0,0,0,1,0,0.0263511794,0,0.0046207395,0.7778277355
"Joseph, Caleb",C,BAL,2014,82,246,22,51,9,0,9,28,17,69,0,1,0.207317073,0.353658537,0.26394052,0.617599057,0.686921296,0,0,0,0,0,0,0,ALE,AL,0,0,0,0,0,0,0,0,0,0,0,0,0,0,0,0,0,0,0,0,0,0,0,0,0,0,0,0,0,0,0,0,0,0,0,0,1,0,-0.036390594,0,-0.033928976,0.7208502715
"Joyce, Matt",OF/DH,TB,2014,140,418,51,106,23,2,9,52,62,111,2,5,0.253588517,0.38277512,0.348884381,0.731659501,0.563582781,1,0,0,0,0,0,1,ALE,AL,0,1,0,0,0,1,0,0,0,0,0,0,0,0,0,0,0,0,0,0,0,0,0,0,0,0,0,0,0,1,0,0,0,0,0,0,0,0,-0.163176337,1,-0.155605591,0.7191883717
"Kemp, Matt",OF,LAD,2014,150,541,77,155,38,3,25,89,52,145,8,5,0.28650647,0.506469501,0.34557596,0.852045461,0.754681415,0,0,0,0,0,0,1,NLW,NL,1,0,0,0,1,0,0,0,0,0,0,0,0,0,0,0,0,0,0,0,0,0,0,0,0,0,0,0,0,0,0,0,0,0,0,1,0,0,-0.057253746,0,-0.048639253,0.8033206675
"Kendrick, Howie",2B,LAA,2014,157,617,85,181,33,5,7,75,48,110,14,5,0.293354943,0.397082658,0.347242921,0.744325579,0.745515147,0,1,0,1,0,0,0,ALW,AL,1,0,0,0,1,0,0,0,0,0,0,0,0,0,0,0,0,0,0,0,1,0,0,0,0,0,0,0,0,0,0,0,0,0,0,0,0,0,0.0322693227,0,0.0165352331,0.7289799139
"Kiermaier, Kevin",OF,TB,2014,108,331,35,87,16,8,10,35,23,71,5,4,0.262839879,0.450151057,0.314763231,0.764914289,0.718113425,0,0,0,0,0,0,1,ALE,AL,0,1,0,0,0,1,0,0,0,0,0,0,0,0,0,0,0,0,0,0,0,0,0,0,0,0,0,0,0,1,0,0,0,0,0,0,0,0,-0.031416381,0,0.0046016351,0.7135117899
"Kinsler, Ian",2B,DET,2014,161,684,100,188,40,4,17,92,29,79,15,4,0.274853801,0.419590643,0.307053942,0.726644585,0.769130906,0,1,0,1,0,0,0,ALC,AL,1,0,0,0,1,0,0,0,0,0,0,0,0,0,0,0,0,0,0,1,0,0,0,0,0,0,0,0,0,0,0,0,0,0,0,0,0,0,0.0268423633,0,-0.000978753,0.770109659
"Kipnis, Jason",2B,CLE,2014,130,505,62,120,25,1,6,41,50,101,22,3,0.237623762,0.326732673,0.307692308,0.634424981,0.823383949,0,1,0,1,0,0,0,ALC,AL,1,0,0,0,1,0,0,0,0,0,0,0,0,1,0,0,0,0,0,0,0,0,0,0,0,0,0,0,0,0,0,0,0,0,0,0,0,0,0.108721859,0,0.0923441273,0.7310398217
"Lagares, Juan",OF,NYM,2014,116,416,46,117,24,3,4,47,20,87,13,4,0.28125,0.382211538,0.320712695,0.702924233,0.647069747,0,0,0,0,0,0,1,NLE,NL,1,0,0,0,1,0,0,0,0,0,0,0,0,0,0,0,0,0,0,0,0,0,0,0,0,0,0,0,0,0,0,1,0,0,0,0,0,0,-0.053604929,0,-0.055549618,0.7026193652
"LaRoche, Adam",1B,WSH,2014,140,494,73,128,19,0,26,92,82,108,3,0,0.259109312,0.455465587,0.361774744,0.817240331,0.6343222,0,1,1,0,0,0,0,NLE,NL,0,1,0,0,0,1,0,0,0,0,0,0,0,0,0,0,0,0,0,0,0,0,0,0,0,0,0,0,0,0,1,0,0,0,0,0,0,0,-0.173333232,0,-0.178723964,0.813046164
"Lawrie, Brett",3B/2B,TOR,2014,70,259,27,64,9,0,12,38,16,49,0,0,0.247104247,0.420849421,0.30141844,0.722267861,0.706304695,0,1,0,1,1,0,0,ALE,AL,0,1,0,0,0,1,0,0,0,0,0,0,0,0,0,0,0,0,0,0,0,1,0,0,0,0,0,0,0,0,0,0,0,0,0,0,0,0,-0.047882997,1,-0.048873683,0.7551783778
"LeMahieu, DJ",2B,COL,2014,149,494,59,132,15,5,5,42,33,97,10,10,0.267206478,0.348178138,0.314500942,0.662679079,0.749876433,0,1,0,1,0,0,0,NLW,NL,1,0,0,0,1,0,0,0,0,0,0,0,0,0,0,0,0,1,0,0,0,0,0,0,0,0,0,0,0,0,0,0,0,0,0,0,0,0,0.0914065763,0,0.0840813828,0.6657950502
"Lind, Adam",1B/DH,TOR,2014,96,290,38,93,24,2,6,40,28,48,0,0,0.320689655,0.479310345,0.380503145,0.859813489,0.820299223,1,1,1,0,0,0,0,ALE,AL,0,1,0,0,0,1,0,0,0,0,0,0,0,0,0,0,0,0,0,0,0,1,0,0,0,0,0,0,0,0,0,0,0,0,0,0,0,0,0.0757612116,1,0.0822250249,0.7380741981
"Loney, James",1B,TB,2014,155,600,59,174,27,0,9,69,41,80,4,0,0.29,0.38,0.33640553,0.71640553,0.679505669,0,1,1,0,0,0,0,ALE,AL,0,1,0,0,0,1,0,0,0,0,0,0,0,0,0,0,0,0,0,0,0,0,0,0,0,0,0,0,0,1,0,0,0,0,0,0,0,0,-0.000092451,0,-0.014795226,0.6943008951
"Longoria, Evan",3B,TB,2014,162,624,83,158,26,1,22,91,57,133,5,0,0.253205128,0.403846154,0.320457797,0.724303951,0.763788673,0,1,0,0,1,0,0,ALE,AL,0,1,0,0,0,1,0,0,0,0,0,0,0,0,0,0,0,0,0,0,0,0,0,0,0,0,0,0,0,1,0,0,0,0,0,0,0,0,0.0152986275,0,-0.003209487,0.7669981601
"Lowrie, Jed",SS,OAK,2014,136,502,59,125,29,3,6,50,51,79,0,0,0.249003984,0.354581673,0.320921986,0.675503659,0.711787072,0,1,0,0,0,1,0,ALW,AL,1,0,0,1,0,0,0,0,0,0,0,0,0,0,0,0,0,0,0,0,0,0,0,0,0,0,0,1,0,0,0,0,0,0,0,0,0,0,0.0212979682,0,0.0222502183,0.6895368537
"Lucroy, Jonathan",C,MIL,2014,153,585,73,176,53,2,13,69,66,71,4,4,0.300854701,0.464957265,0.372519084,0.837476349,0.716922536,0,0,0,0,0,0,0,NLC,NL,1,0,0,0,1,0,0,0,0,0,0,0,0,0,0,0,0,0,0,0,0,0,0,0,0,1,0,0,0,0,0,0,0,0,0,0,0,0,-0.081042153,0,-0.069087107,0.7860096431
"Machado, Manny",3B,BAL,2014,82,327,38,91,14,0,12,32,20,68,2,0,0.278287462,0.431192661,0.323863636,0.755056297,0.861019457,0,1,0,0,1,0,0,ALE,AL,0,0,0,0,0,0,0,0,0,0,0,0,0,0,0,0,0,0,0,0,0,0,0,0,0,0,0,0,0,0,0,0,0,0,0,0,1,0,0.1092992628,0,0.1013867941,0.7596326629
"Marisnick, Jake",OF,HOU,2014,65,221,21,55,8,0,3,19,8,67,11,3,0.248868778,0.325791855,0.280851064,0.606642919,0.664901591,0,0,0,0,0,0,1,ALW,AL,1,0,0,0,1,0,0,0,0,0,0,0,0,0,1,0,0,0,0,0,0,0,0,0,0,0,0,0,0,0,0,0,0,0,0,0,0,0,-0.044782951,0,-0.052432353,0.7173339438
"Markakis, Nick",OF,BAL,2014,155,642,81,177,27,1,14,50,62,84,4,2,0.275700935,0.386292835,0.342253521,0.728546356,0.746079384,0,0,0,0,0,0,1,ALE,AL,0,0,0,0,0,0,0,0,0,0,0,0,0,0,0,0,0,0,0,0,0,0,0,0,0,0,0,0,0,0,0,0,0,0,0,0,1,0,0.0152994413,0,-0.00752322,0.7536026039
"Marte, Starling",OF,PIT,2014,135,495,73,144,29,6,13,56,33,131,30,11,0.290909091,0.452525253,0.355963303,0.808488555,0.780376676,0,0,0,0,0,0,1,NLC,NL,0,1,0,0,0,1,0,0,0,0,0,0,0,0,0,1,0,0,0,0,0,0,0,0,0,0,0,0,0,0,0,0,0,0,0,0,0,0,0.0273472761,0,0.0276886553,0.7526880207
"Martin, Leonys",OF,TEX,2014,155,533,68,146,13,7,7,40,39,114,31,12,0.273921201,0.363977486,0.324652778,0.688630264,0.576343648,0,0,0,0,0,0,1,ALW,AL,0,1,0,0,0,1,0,0,0,0,0,0,0,0,0,0,1,0,0,0,0,0,0,0,0,0,0,0,0,0,0,0,0,0,0,0,0,0,-0.093901976,0,-0.099051155,0.6753948029
"Martin, Russell",C,PIT,2014,112,382,45,110,20,0,11,67,60,80,4,4,0.287958115,0.426701571,0.401727862,0.828429432,0.787438447,0,0,0,0,0,0,0,NLC,NL,0,1,0,0,0,1,0,0,0,0,0,0,0,0,0,1,0,0,0,0,0,0,0,0,0,0,0,0,0,0,0,0,0,0,0,0,0,0,0.0275068832,0,0.0301554937,0.7572829533
"Martinez, J.D.",OF,DET,2014,123,441,57,139,30,3,23,76,30,126,6,3,0.315192744,0.553287982,0.358333333,0.911621315,0.879222723,0,0,0,0,0,0,1,ALC,AL,1,0,0,0,1,0,0,0,0,0,0,0,0,0,0,0,0,0,0,1,0,0,0,0,0,0,0,0,0,0,0,0,0,0,0,0,0,0,0.0780305138,0,0.0926229331,0.7865997899
"Martinez, Victor",DH/1B,DET,2014,151,561,87,188,33,0,32,103,70,42,3,2,0.335115865,0.565062389,0.408736349,0.973798738,0.666940019,1,1,1,0,0,0,0,ALC,AL,1,0,0,0,1,0,0,0,0,0,0,0,0,0,0,0,0,0,0,1,0,0,0,0,0,0,0,0,0,0,0,0,0,0,0,0,0,0,-0.169563171,1,-0.177192542,0.8441325611
"Mauer, Joe",1B,MIN,2014,120,455,60,126,27,2,4,55,60,96,3,0,0.276923077,0.371428571,0.361003861,0.732432432,0.718413432,0,1,1,0,0,0,0,ALC,AL,1,0,0,0,1,0,0,0,0,0,0,0,0,0,0,0,0,0,0,0,0,0,0,0,0,0,0,0,0,0,0,0,0,0,1,0,0,0,-0.023136708,0,-0.030048937,0.7484623687
"Maybin, Cameron",OF,SD,2014,95,251,24,59,13,4,1,15,19,56,4,3,0.235059761,0.330677291,0.290441176,0.621118467,0.700797083,0,0,0,0,0,0,1,NLW,NL,0,1,0,0,0,1,0,0,0,0,0,0,1,0,0,0,0,0,0,0,0,0,0,0,0,0,0,0,0,0,0,0,0,0,0,0,0,0,0.0029671103,0,0.0181596354,0.6826374476
"McCann, Brian",C,NYY,2014,140,495,57,115,15,1,23,75,32,77,0,0,0.232323232,0.406060606,0.286245353,0.692305959,0.756185308,0,0,0,0,0,0,0,ALE,AL,1,0,1,0,0,0,0,0,0,1,0,0,0,0,0,0,0,0,0,0,0,0,0,0,0,0,0,0,0,0,0,0,0,0,0,0,0,0,0.022688166,0,0.0173014713,0.7388838367
"McCutchen, Andrew",OF,PIT,2014,146,548,89,172,38,6,25,83,84,115,18,3,0.313868613,0.541970803,0.410493827,0.95246463,0.889092363,0,0,0,0,0,0,1,NLC,NL,0,1,0,0,0,1,0,0,0,0,0,0,0,0,0,1,0,0,0,0,0,0,0,0,0,0,0,0,0,0,0,0,0,0,0,0,0,0,0.0204925534,0,0.0403760274,0.8487163356
"McGehee, Casey",3B,MIA,2014,160,616,56,177,29,1,4,76,67,102,4,2,0.287337662,0.357142857,0.354558611,0.711701468,0.537827495,0,1,0,0,1,0,0,NLE,NL,1,0,0,0,1,0,0,0,0,0,0,0,0,0,0,0,0,0,0,0,0,0,0,0,0,0,0,0,0,0,0,0,0,0,0,0,0,1,-0.1500649,0,-0.15125197,0.6890794652
"Mercer, Jordy",SS,PIT,2014,149,506,56,129,27,2,12,55,35,89,4,1,0.254940711,0.387351779,0.305454545,0.692806324,0.613224184,0,1,0,0,0,1,0,NLC,NL,0,1,0,0,0,1,0,0,0,0,0,0,0,0,0,1,0,0,0,0,0,0,0,0,0,0,0,0,0,0,0,0,0,0,0,0,0,0,-0.057200595,0,-0.05739507,0.6706192541
"Middlebrooks, Will",3B,BOS,2014,63,215,14,41,10,0,2,19,15,70,1,1,0.190697674,0.265116279,0.256410256,0.521526535,0.601525054,0,1,0,0,1,0,0,ALE,AL,0,0,0,0,0,0,0,0,0,0,0,0,0,0,0,0,0,0,0,0,0,0,0,1,0,0,0,0,0,0,0,0,0,0,0,0,0,0,-0.119118328,0,-0.115859127,0.7173841806
"Miller, Brad",SS,SEA,2014,123,367,47,81,15,4,10,36,34,95,4,2,0.220708447,0.365122616,0.28817734,0.653299956,0.73042689,0,1,0,0,0,1,0,ALW,AL,0,1,0,0,0,1,0,0,0,0,1,0,0,0,0,0,0,0,0,0,0,0,0,0,0,0,0,0,0,0,0,0,0,0,0,0,0,0,0.0480840793,0,0.0548072714,0.6756196186
"Molina, Yadier",C,STL,2014,110,404,40,114,21,0,7,38,28,55,1,1,0.282178218,0.386138614,0.333333333,0.719471947,0.66042874,0,0,0,0,0,0,0,NLC,NL,0,1,0,0,0,1,0,0,0,0,0,1,0,0,0,0,0,0,0,0,0,0,0,0,0,0,0,0,0,0,0,0,0,0,0,0,0,0,-0.050677334,0,-0.056809688,0.7172384276
"Montero, Miguel",C,AZ,2014,136,489,40,119,23,0,13,72,56,97,0,4,0.243353783,0.370143149,0.328571429,0.698714578,0.754135053,0,0,0,0,0,0,0,NLW,NL,0,0,0,0,0,0,0,0,0,0,0,0,0,0,0,0,0,0,0,0,0,0,0,0,0,0,0,0,0,0,0,0,1,0,0,0,0,0,0.0195254406,0,0.0323646287,0.7217704243
"Morales, Kendrys",DH/1B,SEA,2014,98,367,28,80,20,0,8,42,27,68,0,0,0.217983651,0.337874659,0.274314214,0.612188874,0.846563859,1,1,1,0,0,0,0,ALW,AL,0,1,0,0,0,1,0,0,0,0,1,0,0,0,0,0,0,0,0,0,0,0,0,0,0,0,0,0,0,0,0,0,0,0,0,0,0,0,0.1159473391,1,0.1231676609,0.7233961981
"Moreland, Mitch",DH/1B,TEX,2014,51,166,18,40,9,1,2,23,12,43,0,0,0.240963855,0.343373494,0.29281768,0.636191174,0.812050378,1,1,1,0,0,0,0,ALW,AL,0,1,0,0,0,1,0,0,0,0,0,0,0,0,0,0,1,0,0,0,0,0,0,0,0,0,0,0,0,0,0,0,0,0,0,0,0,0,0.0738426077,1,0.0748959927,0.7371543853
"Morneau, Justin",1B,COL,2014,135,502,62,160,32,3,17,82,34,60,0,3,0.3187251,0.496015936,0.363636364,0.8596523,0.820970696,0,1,1,0,0,0,0,NLW,NL,1,0,0,0,1,0,0,0,0,0,0,0,0,0,0,0,0,1,0,0,0,0,0,0,0,0,0,0,0,0,0,0,0,0,0,0,0,0,0.0563420529,0,0.0620451452,0.7589255508
"Morrison, Logan",1B,SEA,2014,99,336,41,88,20,0,11,38,24,59,5,2,0.261904762,0.419642857,0.315068493,0.73471135,0.684892951,0,1,1,0,0,0,0,ALW,AL,0,1,0,0,0,1,0,0,0,0,1,0,0,0,0,0,0,0,0,0,0,0,0,0,0,0,0,0,0,0,0,0,0,0,0,0,0,0,-0.054443005,0,-0.060031991,0.7449249419
"Morse, Michael",OF/1B,SF,2014,132,440,48,122,32,3,16,61,31,123,0,0,0.277272727,0.472727273,0.334710744,0.807438017,0.648744541,0,1,1,0,0,0,1,NLW,NL,0,1,0,0,0,1,0,0,0,0,0,0,0,0,0,0,0,0,0,0,0,0,1,0,0,0,0,0,0,0,0,0,0,0,0,0,0,0,-0.112560752,1,-0.092827836,0.7415723768
"Moss, Brandon",OF/1B,OAK,2014,147,500,70,117,23,2,25,81,67,153,1,0,0.234,0.438,0.334482759,0.772482759,0.711431976,0,1,1,0,0,0,1,ALW,AL,1,0,0,1,0,0,0,0,0,0,0,0,0,0,0,0,0,0,0,0,0,0,0,0,0,0,0,1,0,0,0,0,0,0,0,0,0,0,-0.082904806,1,-0.077827843,0.7892598195
"Moustakas, Mike",3B,KC,2014,141,460,45,97,21,1,15,54,35,74,1,0,0.210869565,0.358695652,0.268924303,0.627619955,0.817486339,0,1,0,0,1,0,0,ALC,AL,1,0,0,0,1,0,0,0,0,0,0,0,0,0,0,0,0,0,0,0,0,0,0,0,0,0,0,0,1,0,0,0,0,0,0,0,0,0,0.1047921053,0,0.1103755213,0.7071108177
"Murphy, Daniel",2B,NYM,2014,143,596,79,172,37,2,9,57,39,86,13,5,0.288590604,0.402684564,0.331775701,0.734460265,0.770459134,0,1,0,1,0,0,0,NLE,NL,1,0,0,0,1,0,0,0,0,0,0,0,0,0,0,0,0,0,0,0,0,0,0,0,0,0,0,0,0,0,0,1,0,0,0,0,0,0,0.042229507,0,0.0205360751,0.7499230589
"Murphy, David",OF,CLE,2014,129,416,40,109,25,1,8,58,36,61,2,3,0.262019231,0.384615385,0.318872017,0.703487402,0.740875072,0,0,0,0,0,0,1,ALC,AL,1,0,0,0,1,0,0,0,0,0,0,0,0,1,0,0,0,0,0,0,0,0,0,0,0,0,0,0,0,0,0,0,0,0,0,0,0,0,0.0313485633,0,0.0379615909,0.7029134811
"Myers, Wil",OF,TB,2014,87,325,37,72,14,0,6,35,34,90,6,1,0.221538462,0.32,0.293628809,0.613628809,0.762635046,0,0,0,0,0,0,1,ALE,AL,0,1,0,0,0,1,0,0,0,0,0,0,0,0,0,0,0,0,0,0,0,0,0,0,0,0,0,0,0,1,0,0,0,0,0,0,0,0,0.0300720643,0,0.021743381,0.740891665
"Napoli, Mike",1B,BOS,2014,119,415,49,103,20,0,17,55,78,133,3,2,0.248192771,0.419277108,0.37,0.789277108,0.734413227,0,1,1,0,0,0,0,ALE,AL,0,0,0,0,0,0,0,0,0,0,0,0,0,0,0,0,0,0,0,0,0,0,0,1,0,0,0,0,0,0,0,0,0,0,0,0,0,0,-0.0623022,0,-0.051246613,0.7856598397
"Navarro, Dioner",C/DH,TOR,2014,139,481,40,132,22,0,12,69,32,76,3,0,0.274428274,0.395010395,0.317307692,0.712318087,0.681560673,1,0,0,0,0,0,0,ALE,AL,0,1,0,0,0,1,0,0,0,0,0,0,0,0,0,0,0,0,0,0,0,1,0,0,0,0,0,0,0,0,0,0,0,0,0,0,0,0,-0.014630531,1,-0.011701411,0.6932620843
"Norris, Derek",C,OAK,2014,127,385,46,104,19,1,10,55,54,86,2,2,0.27012987,0.402597403,0.360544218,0.76314162,0.709089958,0,0,0,0,0,0,0,ALW,AL,1,0,0,1,0,0,0,0,0,0,0,0,0,0,0,0,0,0,0,0,0,0,0,0,0,0,0,1,0,0,0,0,0,0,0,0,0,0,-0.019145116,0,-0.016008477,0.7250984354
"Nunez, Eduardo",SS/3B,MIN,2014,72,204,26,51,7,4,4,24,5,31,9,3,0.25,0.382352941,0.271428571,0.653781513,0.757583737,0,1,0,0,1,1,0,ALC,AL,1,0,0,0,1,0,0,0,0,0,0,0,0,0,0,0,0,0,0,0,0,0,0,0,0,0,0,0,0,0,0,0,0,0,1,0,0,0,0.0752770101,1,0.0811893532,0.6763943838
"Odor, Rougned",2B,TEX,2014,114,386,39,100,14,7,9,48,17,71,4,7,0.259067358,0.401554404,0.296836983,0.698391387,0.781028049,0,1,0,1,0,0,0,ALW,AL,0,1,0,0,0,1,0,0,0,0,0,0,0,0,0,0,1,0,0,0,0,0,0,0,0,0,0,0,0,0,0,0,0,0,0,0,0,0,0.0613869242,0,0.0834815383,0.6975465107
"Ortiz, David",DH,BOS,2014,142,518,59,136,27,0,35,104,75,95,0,0,0.262548263,0.517374517,0.355481728,0.872856245,0.912965156,1,0,0,0,0,0,0,ALE,AL,0,0,0,0,0,0,0,0,0,0,0,0,0,0,0,0,0,0,0,0,0,0,0,1,0,0,0,0,0,0,0,0,0,0,0,0,0,0,0.0571183722,0,0.0819201562,0.8310449998
"Owings, Chris",SS,AZ,2014,91,310,34,81,15,6,6,26,16,67,8,1,0.261290323,0.406451613,0.3,0.706451613,0.586550281,0,1,0,0,0,1,0,NLW,NL,0,0,0,0,0,0,0,0,0,0,0,0,0,0,0,0,0,0,0,0,0,0,0,0,0,0,0,0,0,0,0,0,1,0,0,0,0,0,-0.116065822,0,-0.096607709,0.6831579896
"Ozuna, Marcell",OF,MIA,2014,153,565,72,152,26,5,23,85,41,164,3,1,0.269026549,0.454867257,0.316993464,0.771860721,0.691134573,0,0,0,0,0,0,1,NLE,NL,1,0,0,0,1,0,0,0,0,0,0,0,0,0,0,0,0,0,0,0,0,0,0,0,0,0,0,0,0,0,0,0,0,0,0,0,0,1,-0.077061824,0,-0.068171046,0.7593056194
"Pagan, Angel",OF,SF,2014,97,386,56,117,22,2,3,27,25,53,16,6,0.303108808,0.393782383,0.344578313,0.738360697,0.635116549,0,0,0,0,0,0,1,NLW,NL,0,1,0,0,0,1,0,0,0,0,0,0,0,0,0,0,0,0,0,0,0,0,1,0,0,0,0,0,0,0,0,0,0,0,0,0,0,0,-0.086326291,0,-0.106657249,0.7417737981
"Panik, Joe",2B,SF,2014,73,269,31,82,10,2,1,18,16,33,0,0,0.304832714,0.36802974,0.342657343,0.710687082,0.83311976,0,1,0,1,0,0,0,NLW,NL,0,1,0,0,0,1,0,0,0,0,0,0,0,0,0,0,0,0,0,0,0,0,1,0,0,0,0,0,0,0,0,0,0,0,0,0,0,0,0.1215137945,0,0.114407437,0.718712323
"Parra, Gerardo",OF,MIL,2014,150,529,64,138,22,4,9,40,32,100,9,7,0.260869565,0.368620038,0.308098592,0.676718629,0.779759059,0,0,0,0,0,0,1,NLC,NL,1,0,0,0,1,0,0,0,0,0,0,0,0,0,0,0,0,0,0,0,0,0,0,0,0,1,0,0,0,0,0,0,0,0,0,0,0,0,0.0946534812,0,0.0862718437,0.6934872153
"Pearce, Steve",1B/OF,BAL,2014,102,338,51,99,26,0,21,49,40,76,5,0,0.292899408,0.556213018,0.373368146,0.929581164,0.710999477,0,1,1,0,0,0,1,ALE,AL,0,0,0,0,0,0,0,0,0,0,0,0,0,0,0,0,0,0,0,0,0,0,0,0,0,0,0,0,0,0,0,0,0,0,0,0,1,0,-0.100851799,1,-0.096780256,0.8077797327
"Pedroia, Dustin",2B,BOS,2014,135,551,72,153,33,0,7,53,51,75,6,6,0.277676951,0.375680581,0.336617406,0.712297986,0.797076957,0,1,0,1,0,0,0,ALE,AL,0,0,0,0,0,0,0,0,0,0,0,0,0,0,0,0,0,0,0,0,0,0,0,1,0,0,0,0,0,0,0,0,0,0,0,0,0,0,0.070998427,0,0.0461115414,0.7509654156
"Pena, Brayan",1B/C,CIN,2014,115,348,23,88,18,1,5,26,20,42,2,3,0.252873563,0.353448276,0.291105121,0.644553397,0.6585709,0,1,1,0,0,0,0,NLC,NL,1,0,0,0,1,0,0,0,0,0,0,0,0,0,0,0,0,0,0,0,0,0,0,0,0,0,1,0,0,0,0,0,0,0,0,0,0,0,-0.02479622,1,-0.013330073,0.6719009726
"Pence, Hunter",OF,SF,2014,163,653,106,181,30,10,20,74,52,130,13,6,0.277182236,0.445635528,0.331926864,0.777562392,0.80561513,0,0,0,0,0,0,1,NLW,NL,0,1,0,0,0,1,0,0,0,0,0,0,0,0,0,0,0,0,0,0,0,0,1,0,0,0,0,0,0,0,0,0,0,0,0,0,0,0,0.0206256988,0,0.0182542777,0.7873608523
"Pennington, Cliff",SS,AZ,2014,68,177,21,45,5,3,2,10,20,36,6,1,0.254237288,0.350282486,0.34,0.690282486,0.578473042,0,1,0,0,0,1,0,NLW,NL,0,0,0,0,0,0,0,0,0,0,0,0,0,0,0,0,0,0,0,0,0,0,0,0,0,0,0,0,0,0,0,0,1,0,0,0,0,0,-0.108341656,0,-0.10031424,0.6787872818
"Peralta, Jhonny",SS,STL,2014,157,560,61,147,38,0,21,75,58,112,3,2,0.2625,0.442857143,0.335987261,0.778844404,0.745428541,0,1,0,0,0,1,0,NLC,NL,0,1,0,0,0,1,0,0,0,0,0,1,0,0,0,0,0,0,0,0,0,0,0,0,0,0,0,0,0,0,0,0,0,0,0,0,0,0,0.0050959621,0,0.016153265,0.729275276
"Perez, Salvador",C,KC,2014,151,582,57,151,28,2,17,70,22,85,1,0,0.259450172,0.402061856,0.28852459,0.690586446,0.705901384,0,0,0,0,0,0,0,ALC,AL,1,0,0,0,1,0,0,0,0,0,0,0,0,0,0,0,0,0,0,0,0,0,0,0,0,0,0,0,1,0,0,0,0,0,0,0,0,0,-0.006754782,0,-0.006526695,0.7124280786
"Phillips, Brandon",2B,CIN,2014,121,462,44,123,25,0,8,51,23,74,2,3,0.266233766,0.372294372,0.30583501,0.678129382,0.725840497,0,1,0,1,0,0,0,NLC,NL,1,0,0,0,1,0,0,0,0,0,0,0,0,0,0,0,0,0,0,0,0,0,0,0,0,0,1,0,0,0,0,0,0,0,0,0,0,0,0.0235356504,0,0.0158285413,0.7100119557
"Pierzynski, A.J.",C,STL,2014,102,338,25,85,12,1,5,37,14,54,0,1,0.25147929,0.337278107,0.288088643,0.625366749,0.769424971,0,0,0,0,0,0,0,NLC,NL,0,1,0,0,0,1,0,0,0,0,0,1,0,0,0,0,0,0,0,0,0,0,0,0,0,0,0,0,0,0,0,0,0,0,0,0,0,0,0.0865906678,0,0.0883292708,0.6810957002
"Plouffe, Trevor",3B,MIN,2014,136,520,69,134,40,2,14,80,53,109,2,1,0.257692308,0.423076923,0.328178694,0.751255617,0.742003468,0,1,0,0,1,0,0,ALC,AL,1,0,0,0,1,0,0,0,0,0,0,0,0,0,0,0,0,0,0,0,0,0,0,0,0,0,0,0,0,0,0,0,0,0,1,0,0,0,-0.042249764,0,-0.040025312,0.7820287804
"Polanco, Gregory",OF,PIT,2014,89,277,50,65,9,0,7,33,30,59,14,5,0.23465704,0.342960289,0.307443366,0.650403655,0.700621433,0,0,0,0,0,0,1,NLC,NL,0,1,0,0,0,1,0,0,0,0,0,0,0,0,0,1,0,0,0,0,0,0,0,0,0,0,0,0,0,0,0,0,0,0,0,0,0,0,-0.017513481,0,-0.045073711,0.7456951438
"Pollock, A.J.",OF,AZ,2014,75,265,41,80,19,6,7,24,19,46,14,3,0.301886792,0.498113208,0.353146853,0.851260061,0.862908283,0,0,0,0,0,0,1,NLW,NL,0,0,0,0,0,0,0,0,0,0,0,0,0,0,0,0,0,0,0,0,0,0,0,0,0,0,0,0,0,0,0,0,1,0,0,0,0,0,0.0838208517,0,0.09924928,0.763659003
"Posey, Buster",C/1B,SF,2014,148,550,72,170,28,2,22,89,47,69,0,1,0.309090909,0.487272727,0.361842105,0.849114833,0.849189219,0,1,1,0,0,0,0,NLW,NL,0,1,0,0,0,1,0,0,0,0,0,0,0,0,0,0,0,0,0,0,0,0,1,0,0,0,0,0,0,0,0,0,0,0,0,0,0,0,0.0811032637,1,0.0777289292,0.7714602898
"Prado, Martin",3B/2B,NYY,2014,143,536,62,151,26,4,12,58,26,80,3,1,0.281716418,0.412313433,0.321116928,0.733430361,0.732181818,0,1,0,1,1,0,0,ALE,AL,1,0,1,0,0,0,0,0,0,1,0,0,0,0,0,0,0,0,0,0,0,0,0,0,0,0,0,0,0,0,0,0,0,0,0,0,0,0,0.0203561082,1,0.0183596563,0.7138221617
"Puig, Yasiel",OF,LAD,2014,148,558,92,165,37,9,16,69,67,124,11,7,0.295698925,0.480286738,0.382445141,0.862731879,0.757713621,0,0,0,0,0,0,1,NLW,NL,1,0,0,0,1,0,0,0,0,0,0,0,0,0,0,0,0,0,0,0,0,0,0,0,0,0,0,0,0,0,0,0,0,0,0,1,0,0,-0.060076797,0,-0.045512226,0.8032258473
"Pujols, Albert",1B/DH,LAA,2014,159,633,89,172,37,1,28,105,48,71,5,1,0.271721959,0.466034755,0.323741007,0.789775762,0.787176884,1,1,1,0,0,0,0,ALW,AL,1,0,0,0,1,0,0,0,0,0,0,0,0,0,0,0,0,0,0,0,1,0,0,0,0,0,0,0,0,0,0,0,0,0,0,0,0,0,-0.008129205,1,-0.021587489,0.8087643729
"Raburn, Ryan",OF/DH,CLE,2014,74,195,18,39,7,0,4,22,13,51,0,0,0.2,0.297435897,0.25,0.547435897,0.940998217,1,0,0,0,0,0,1,ALC,AL,1,0,0,0,1,0,0,0,0,0,0,0,0,1,0,0,0,0,0,0,0,0,0,0,0,0,0,0,0,0,0,0,0,0,0,0,0,0,0.2372091873,1,0.2355069054,0.7054913116
"Ramirez, Alexei",SS,CHW,2014,158,622,82,170,35,2,15,74,24,81,21,4,0.273311897,0.408360129,0.304878049,0.713238177,0.640084189,0,1,0,0,0,1,0,ALC,AL,1,0,0,0,1,0,0,0,1,0,0,0,0,0,0,0,0,0,0,0,0,0,0,0,0,0,0,0,0,0,0,0,0,0,0,0,0,0,-0.036061292,0,-0.060236526,0.7003207149
"Ramirez, Aramis",3B,MIL,2014,133,494,47,141,23,1,15,66,21,75,3,0,0.285425101,0.427125506,0.329566855,0.756692361,0.717564259,0,1,0,0,1,0,0,NLC,NL,1,0,0,0,1,0,0,0,0,0,0,0,0,0,0,0,0,0,0,0,0,0,0,0,0,1,0,0,0,0,0,0,0,0,0,0,0,0,0.0038078229,0,0.0034780985,0.7140861605
"Ramirez, Hanley",SS,LAD,2014,128,449,64,127,35,0,13,71,56,84,14,5,0.28285078,0.44766147,0.369140625,0.816802095,0.71713159,0,1,0,0,0,1,0,NLW,NL,1,0,0,0,1,0,0,0,0,0,0,0,0,0,0,0,0,0,0,0,0,0,0,0,0,0,0,0,0,0,0,0,0,0,0,1,0,0,-0.022177198,0,-0.027861848,0.7449934381
"Ramirez, Jose",SS,CLE,2014,69,241,27,63,10,2,2,17,14,36,10,1,0.261410788,0.34439834,0.302325581,0.646723922,0.618412698,0,1,0,0,0,1,0,ALC,AL,1,0,0,0,1,0,0,0,0,0,0,0,0,1,0,0,0,0,0,0,0,0,0,0,0,0,0,0,0,0,0,0,0,0,0,0,0,0,-0.066681749,0,-0.068545167,0.6869578652
"Ramos, Wilson",C,WSH,2014,88,341,32,91,12,0,11,47,17,57,0,0,0.26686217,0.398826979,0.299168975,0.697995955,0.611554047,0,0,0,0,0,0,0,NLE,NL,0,1,0,0,0,1,0,0,0,0,0,0,0,0,0,0,0,0,0,0,0,0,0,0,0,0,0,0,0,0,1,0,0,0,0,0,0,0,-0.118498616,0,-0.12282649,0.7343805368
"Rasmus, Colby",OF,TOR,2014,104,346,45,78,21,1,18,40,29,124,4,0,0.225433526,0.447976879,0.287234043,0.735210921,0.788586624,0,0,0,0,0,0,1,ALE,AL,0,1,0,0,0,1,0,0,0,0,0,0,0,0,0,0,0,0,0,0,0,1,0,0,0,0,0,0,0,0,0,0,0,0,0,0,0,0,0.0123605754,0,0.0173856876,0.7712009364
"Reddick, Josh",OF,OAK,2014,109,363,53,96,16,7,12,54,28,63,1,1,0.26446281,0.446280992,0.316455696,0.762736688,0.781424834,0,0,0,0,0,0,1,ALW,AL,1,0,0,1,0,0,0,0,0,0,0,0,0,0,0,0,0,0,0,0,0,0,0,0,0,0,0,1,0,0,0,0,0,0,0,0,0,0,0.0235631183,0,0.0377307903,0.7436940437
"Rendon, Anthony",3B/2B,WSH,2014,153,613,111,176,39,6,21,83,58,104,17,3,0.287112561,0.473083197,0.350954479,0.824037676,0.707006023,0,1,0,1,1,0,0,NLE,NL,0,1,0,0,0,1,0,0,0,0,0,0,0,0,0,0,0,0,0,0,0,0,0,0,0,0,0,0,0,0,1,0,0,0,0,0,0,0,-0.105737351,1,-0.12358084,0.8305868629
"Revere, Ben",OF,PHI,2014,151,601,71,184,13,7,2,28,13,49,49,8,0.306156406,0.361064892,0.324717286,0.685782178,0.71850159,0,0,0,0,0,0,1,NLE,NL,0,1,0,0,0,1,0,0,0,0,0,0,0,0,0,0,0,0,1,0,0,0,0,0,0,0,0,0,0,0,0,0,0,0,0,0,0,0,0.0940920508,0,0.1236039467,0.5948976433
"Reyes, Jose",SS,TOR,2014,143,610,94,175,33,4,9,51,38,73,30,2,0.286885246,0.398360656,0.327718224,0.726078879,0.6881823,0,1,0,0,0,1,0,ALE,AL,0,1,0,0,0,1,0,0,0,0,0,0,0,0,0,0,0,0,0,0,0,1,0,0,0,0,0,0,0,0,0,0,0,0,0,0,0,0,-0.004560053,0,-0.037144691,0.7253269913
"Reynolds, Mark",1B/3B,MIL,2014,130,378,47,74,9,0,22,45,47,122,5,1,0.195767196,0.394179894,0.287037037,0.681216931,0.712720574,0,1,1,0,1,0,0,NLC,NL,1,0,0,0,1,0,0,0,0,0,0,0,0,0,0,0,0,0,0,0,0,0,0,0,0,1,0,0,0,0,0,0,0,0,0,0,0,0,-0.029888148,1,-0.029681334,0.7424019083
"Rios, Alex",OF,TEX,2014,131,492,54,138,30,8,4,54,23,93,17,9,0.280487805,0.398373984,0.310940499,0.709314483,0.640351376,0,0,0,0,0,0,1,ALW,AL,0,1,0,0,0,1,0,0,0,0,0,0,0,0,0,0,1,0,0,0,0,0,0,0,0,0,0,0,0,0,0,0,0,0,0,0,0,0,-0.07864843,0,-0.059199698,0.6995510743
"Rivera, Rene",C,SD,2014,103,294,27,74,18,1,11,44,27,76,0,0,0.25170068,0.431972789,0.319018405,0.750991194,0.488543581,0,0,0,0,0,0,0,NLW,NL,0,1,0,0,0,1,0,0,0,0,0,0,1,0,0,0,0,0,0,0,0,0,0,0,0,0,0,0,0,0,0,0,0,0,0,0,0,0,-0.248325599,0,-0.233127925,0.7216715065
"Rizzo, Anthony",1B,CHC,2014,141,526,90,152,29,1,33,80,73,116,5,4,0.288973384,0.536121673,0.388349515,0.924471188,0.898535977,0,1,1,0,0,0,0,NLC,NL,0,0,0,0,0,0,0,0,0,0,0,0,0,0,0,0,0,0,0,0,0,0,0,0,0,0,0,0,0,0,0,0,0,1,0,0,0,0,0.0430830248,0,0.0352912752,0.8632447018
"Rodriguez, Sean",2B/DH,TB,2014,96,237,30,50,13,3,12,41,10,66,2,1,0.210970464,0.443037975,0.2578125,0.700850475,0.642458207,1,1,0,1,0,0,0,ALE,AL,0,1,0,0,0,1,0,0,0,0,0,0,0,0,0,0,0,0,0,0,0,0,0,0,0,0,0,0,0,1,0,0,0,0,0,0,0,0,-0.088830476,1,-0.076398685,0.7188568925
"Rollins, Jimmy",SS,PHI,2014,138,538,78,131,22,4,17,55,64,100,28,6,0.243494424,0.394052045,0.323432343,0.717484388,0.642531165,0,1,0,0,0,1,0,NLE,NL,0,1,0,0,0,1,0,0,0,0,0,0,0,0,0,0,0,0,1,0,0,0,0,0,0,0,0,0,0,0,0,0,0,0,0,0,0,0,-0.098358301,0,-0.050879924,0.6934110892
"Romine, Andrew",SS,DET,2014,93,250,30,57,6,0,2,12,18,60,12,2,0.228,0.276,0.279850746,0.555850746,0.621750055,0,1,0,0,0,1,0,ALC,AL,1,0,0,0,1,0,0,0,0,0,0,0,0,0,0,0,0,0,0,1,0,0,0,0,0,0,0,0,0,0,0,0,0,0,0,0,0,0,-0.012276745,0,-0.027934231,0.6496842856
"Rosario, Wilin",C,COL,2014,106,382,46,102,25,0,13,54,23,70,1,0,0.267015707,0.434554974,0.304878049,0.739433023,0.710190225,0,0,0,0,0,0,0,NLW,NL,1,0,0,0,1,0,0,0,0,0,0,0,0,0,0,0,0,1,0,0,0,0,0,0,0,0,0,0,0,0,0,0,0,0,0,0,0,0,-0.037793123,0,-0.04306948,0.7532597046
"Ross, David",C,BOS,2014,50,152,16,28,7,0,7,15,16,58,0,1,0.184210526,0.368421053,0.26035503,0.628776082,0.518238994,0,0,0,0,0,0,0,ALE,AL,0,0,0,0,0,0,0,0,0,0,0,0,0,0,0,0,0,0,0,0,0,0,0,1,0,0,0,0,0,0,0,0,0,0,0,0,0,0,-0.239301056,0,-0.235532773,0.7537717671
"Ruiz, Carlos",C,PHI,2014,110,381,43,96,25,1,6,31,46,60,4,2,0.251968504,0.37007874,0.346846847,0.716925587,0.571910961,0,0,0,0,0,0,0,NLE,NL,0,1,0,0,0,1,0,0,0,0,0,0,0,0,0,0,0,0,1,0,0,0,0,0,0,0,0,0,0,0,0,0,0,0,0,0,0,0,-0.16887594,0,-0.112782833,0.6846937941
"Saltalamacchia, Jarrod",C,MIA,2014,114,373,43,82,20,0,11,44,55,143,0,1,0.219839142,0.361930295,0.31954023,0.681470525,0.744734513,0,0,0,0,0,0,0,NLE,NL,1,0,0,0,1,0,0,0,0,0,0,0,0,0,0,0,0,0,0,0,0,0,0,0,0,0,0,0,0,0,0,0,0,0,0,0,0,1,-0.006509289,0,-0.003137078,0.7478715912
"Sandoval, Pablo",3B,SF,2014,158,590,68,164,26,3,16,73,39,85,0,0,0.277966102,0.413559322,0.3234375,0.736996822,0.6617359,0,1,0,0,1,0,0,NLW,NL,0,1,0,0,0,1,0,0,0,0,0,0,0,0,0,0,0,0,0,0,0,0,1,0,0,0,0,0,0,0,0,0,0,0,0,0,0,0,-0.055068517,0,-0.059340151,0.7210760512
"Santana, Carlos",1B/3B/DH,CLE,2014,153,546,68,126,25,0,27,85,113,125,5,2,0.230769231,0.424908425,0.363909774,0.788818199,0.755222495,1,1,1,0,1,0,0,ALC,AL,1,0,0,0,1,0,0,0,0,0,0,0,0,1,0,0,0,0,0,0,0,0,0,0,0,0,0,0,0,0,0,0,0,0,0,0,0,0,-0.085634,1,-0.068194295,0.8234167902
"Santana, Danny",OF/SS,MIN,2014,101,405,70,129,27,7,7,40,19,98,20,4,0.318518519,0.471604938,0.352803738,0.824408677,0.53192848,0,1,0,0,0,1,1,ALC,AL,1,0,0,0,1,0,0,0,0,0,0,0,0,0,0,0,0,0,0,0,0,0,0,0,0,0,0,0,0,0,0,0,0,0,1,0,0,0,-0.195515745,1,-0.201067743,0.7329962226
"Schoop, Jonathan",2B,BAL,2014,137,455,48,95,18,0,16,45,13,122,2,0,0.208791209,0.353846154,0.243697479,0.597543633,0.788217213,0,1,0,1,0,0,0,ALE,AL,0,0,0,0,0,0,0,0,0,0,0,0,0,0,0,0,0,0,0,0,0,0,0,0,0,0,0,0,0,0,0,0,0,0,0,0,1,0,0.1012975485,0,0.0895949194,0.6986222936
"Schumaker, Skip",OF,CIN,2014,82,244,22,57,12,0,2,22,18,50,2,1,0.233606557,0.307377049,0.286792453,0.594169502,0.642035723,0,0,0,0,0,0,1,NLC,NL,1,0,0,0,1,0,0,0,0,0,0,0,0,0,0,0,0,0,0,0,0,0,0,0,0,0,1,0,0,0,0,0,0,0,0,0,0,0,-0.05745197,0,-0.059980252,0.7020159752
"Seager, Kyle",3B,SEA,2014,159,590,71,158,27,4,25,96,52,118,7,5,0.26779661,0.454237288,0.333843798,0.788081086,0.779031677,0,1,0,0,1,0,0,ALW,AL,0,1,0,0,0,1,0,0,0,0,1,0,0,0,0,0,0,0,0,0,0,0,0,0,0,0,0,0,0,0,0,0,0,0,0,0,0,0,0.0011278525,0,0.0133596951,0.7656719819
"Segura, Jean",SS,MIL,2014,146,513,61,126,14,6,5,31,28,70,20,9,0.245614035,0.325536062,0.288848263,0.614384326,0.61626506,0,1,0,0,0,1,0,NLC,NL,1,0,0,0,1,0,0,0,0,0,0,0,0,0,0,0,0,0,0,0,0,0,0,0,0,1,0,0,0,0,0,0,0,0,0,0,0,0,-0.008809457,0,-0.015887868,0.632152928
"Semien, Marcus",3B/2B,CHW,2014,64,231,30,54,10,2,6,28,21,70,3,0,0.233766234,0.372294372,0.300395257,0.672689629,0.714676259,0,1,0,1,1,0,0,ALC,AL,1,0,0,0,1,0,0,0,1,0,0,0,0,0,0,0,0,0,0,0,0,0,0,0,0,0,0,0,0,0,0,0,0,0,0,0,0,0,-0.039045962,1,-0.038233258,0.7529095166
"Simmons, Andrelton",SS,ATL,2014,146,540,44,132,18,4,7,46,32,60,4,5,0.244444444,0.331481481,0.285714286,0.617195767,0.656036227,0,1,0,0,0,1,0,NLE,NL,0,0,0,0,0,0,0,0,0,0,0,0,0,0,0,0,0,0,0,0,0,0,0,0,1,0,0,0,0,0,0,0,0,0,0,0,0,0,0.0179437505,0,0.0276682461,0.6283679809
"Sizemore, Grady",OF,PHI,2014,112,347,35,81,19,4,5,27,33,76,6,1,0.233429395,0.354466859,0.299212598,0.653679457,0.688384813,0,0,0,0,0,0,1,NLE,NL,0,1,0,0,0,1,0,0,0,0,0,0,0,0,0,0,0,0,1,0,0,0,0,0,0,0,0,0,0,0,0,0,0,0,0,0,0,0,-0.031021178,0,0.0387752112,0.6496096018
"Smith, Seth",OF,SD,2014,136,443,55,118,31,5,12,48,69,87,1,1,0.266365688,0.440180587,0.367307692,0.807488279,0.773414915,0,0,0,0,0,0,1,NLW,NL,0,1,0,0,0,1,0,0,0,0,0,0,1,0,0,0,0,0,0,0,0,0,0,0,0,0,0,0,0,0,0,0,0,0,0,0,0,0,-0.013760085,0,0.0154693999,0.7579455151
"Smoak, Justin",1B,SEA,2014,80,248,28,50,13,0,7,30,24,66,0,1,0.201612903,0.338709677,0.275362319,0.614071996,0.768375082,0,1,1,0,0,0,0,ALW,AL,0,1,0,0,0,1,0,0,0,0,1,0,0,0,0,0,0,0,0,0,0,0,0,0,0,0,0,0,0,0,0,0,0,0,0,0,0,0,0.0340833769,0,0.0327956215,0.7355794605
"Snider, Travis",OF,PIT,2014,139,321,37,85,15,1,13,38,34,67,1,1,0.264797508,0.439252336,0.338935574,0.778187911,0.663418518,0,0,0,0,0,0,1,NLC,NL,0,1,0,0,0,1,0,0,0,0,0,0,0,0,0,1,0,0,0,0,0,0,0,0,0,0,0,0,0,0,0,0,0,0,0,0,0,0,-0.028440504,0,-0.020900435,0.6843189534
"Sogard, Eric",2B,OAK,2014,117,291,38,65,10,0,1,22,31,37,11,4,0.223367698,0.268041237,0.298461538,0.566502776,0.59773329,0,1,0,1,0,0,0,ALW,AL,1,0,0,1,0,0,0,0,0,0,0,0,0,0,0,0,0,0,0,0,0,0,0,0,0,0,0,1,0,0,0,0,0,0,0,0,0,0,-0.053681426,0,-0.071366915,0.6691002051
"Solarte, Yangervis",3B/2B,SD,2014,131,469,56,122,19,1,10,48,53,58,0,1,0.260127932,0.368869936,0.336466165,0.705336101,0.747616056,0,1,0,1,1,0,0,NLW,NL,0,1,0,0,0,1,0,0,0,0,0,0,1,0,0,0,0,0,0,0,0,0,0,0,0,0,0,0,0,0,0,0,0,0,0,0,0,0,0.0266310379,1,0.0179824578,0.7296335982
"Span, Denard",OF,WSH,2014,147,610,94,184,39,8,5,37,50,65,31,7,0.301639344,0.416393443,0.354887218,0.771280661,0.795857813,0,0,0,0,0,0,1,NLE,NL,0,1,0,0,0,1,0,0,0,0,0,0,0,0,0,0,0,0,0,0,0,0,0,0,0,0,0,0,0,0,1,0,0,0,0,0,0,0,0.0459065215,0,0.0369481976,0.7589096154
"Springer, George",OF,HOU,2014,78,295,45,68,8,1,20,51,39,114,5,2,0.230508475,0.46779661,0.336231884,0.804028494,0.826246183,0,0,0,0,0,0,1,ALW,AL,1,0,0,0,1,0,0,0,0,0,0,0,0,0,1,0,0,0,0,0,0,0,0,0,0,0,0,0,0,0,0,0,0,0,0,0,0,0,0.0195321909,0,0.0186596592,0.8075865238
"Stanton, Giancarlo",OF,MIA,2014,145,539,89,155,31,1,37,105,94,170,13,1,0.287569573,0.554730983,0.394984326,0.949715309,0.951646717,0,0,0,0,0,0,1,NLE,NL,1,0,0,0,1,0,0,0,0,0,0,0,0,0,0,0,0,0,0,0,0,0,0,0,0,0,0,0,0,0,0,0,0,0,0,0,0,1,0.0559619653,0,0.0626481618,0.8889985552
"Suarez, Eugenio",SS,DET,2014,85,244,33,59,9,1,4,23,22,67,3,2,0.241803279,0.336065574,0.316176471,0.652242044,0.760957371,0,1,0,0,0,1,0,ALC,AL,1,0,0,0,1,0,0,0,0,0,0,0,0,0,0,0,0,0,0,1,0,0,0,0,0,0,0,0,0,0,0,0,0,0,0,0,0,0,0.0894060829,0,0.0806300606,0.6803273104
"Suzuki, Ichiro",OF,NYY,2014,143,359,42,102,13,2,1,22,21,68,15,3,0.284122563,0.339832869,0.323759791,0.66359266,0.560649669,0,0,0,0,0,0,1,ALE,AL,1,0,1,0,0,0,0,0,0,1,0,0,0,0,0,0,0,0,0,0,0,0,0,0,0,0,0,0,0,0,0,0,0,0,0,0,0,0,-0.056238375,0,-0.068660059,0.6293097284
"Suzuki, Kurt",C,MIN,2014,131,452,37,130,34,0,3,61,34,46,0,1,0.287610619,0.382743363,0.344621514,0.727364877,0.610070846,0,0,0,0,0,0,0,ALC,AL,1,0,0,0,1,0,0,0,0,0,0,0,0,0,0,0,0,0,0,0,0,0,0,0,0,0,0,0,0,0,0,0,0,0,1,0,0,0,-0.087120476,0,-0.080857323,0.6909281689
"Swisher, Nick",1B/DH,CLE,2014,97,360,33,75,20,0,8,42,36,111,0,0,0.208333333,0.330555556,0.2775,0.608055556,0.631173165,1,1,1,0,0,0,0,ALC,AL,1,0,0,0,1,0,0,0,0,0,0,0,0,1,0,0,0,0,0,0,0,0,0,0,0,0,0,0,0,0,0,0,0,0,0,0,0,0,-0.111100073,1,-0.106684629,0.7378577938
"Teixeira, Mark",1B,NYY,2014,123,440,56,95,14,0,22,62,58,109,1,1,0.215909091,0.397727273,0.312992126,0.710719399,0.905612245,0,1,1,0,0,0,0,ALE,AL,1,0,1,0,0,0,0,0,0,1,0,0,0,0,0,0,0,0,0,0,0,0,0,0,0,0,0,0,0,0,0,0,0,0,0,0,0,0,0.1285018895,0,0.1255682854,0.7800439596
"Tejada, Ruben",SS,NYM,2014,119,355,30,84,11,0,5,34,50,73,1,2,0.236619718,0.309859155,0.342168675,0.65202783,0.688271605,0,1,0,0,0,1,0,NLE,NL,1,0,0,0,1,0,0,0,0,0,0,0,0,0,0,0,0,0,0,0,0,0,0,0,0,0,0,0,0,0,0,1,0,0,0,0,0,0,0.033022518,0,0.0367626657,0.6515089393
"Trout, Mike",OF,LAA,2014,157,602,115,173,39,9,36,111,83,184,16,2,0.287375415,0.561461794,0.377304965,0.938766759,0.991324748,0,0,0,0,0,0,1,ALW,AL,1,0,0,0,1,0,0,0,0,0,0,0,0,0,0,0,0,0,0,0,1,0,0,0,0,0,0,0,0,0,0,0,0,0,0,0,0,0,0.0739128844,0,0.091138596,0.900186152
"Trumbo, Mark",1B/OF,AZ,2014,88,328,37,77,15,1,14,61,28,89,2,3,0.234756098,0.414634146,0.29281768,0.707451826,0.758910641,0,1,1,0,0,0,1,NLW,NL,0,0,0,0,0,0,0,0,0,0,0,0,0,0,0,0,0,0,0,0,0,0,0,0,0,0,0,0,0,0,0,0,1,0,0,0,0,0,-0.008833813,1,-0.00473468,0.7636453206
"Tulowitzki, Troy",SS,COL,2014,91,315,71,107,18,1,21,52,50,57,1,1,0.33968254,0.603174603,0.432,1.035174603,0.77740787,0,1,0,0,0,1,0,NLW,NL,1,0,0,0,1,0,0,0,0,0,0,0,0,0,0,0,0,1,0,0,0,0,0,0,0,0,0,0,0,0,0,0,0,0,0,0,0,0,-0.014203625,0,-0.031629485,0.8090373555
"Turner, Justin",3B,LAD,2014,109,288,46,98,21,1,7,43,28,58,6,1,0.340277778,0.493055556,0.403726708,0.896782264,0.855891597,0,1,0,0,1,0,0,NLW,NL,1,0,0,0,1,0,0,0,0,0,0,0,0,0,0,0,0,0,0,0,0,0,0,0,0,0,0,0,0,0,0,0,0,0,0,1,0,0,0.1384082776,0,0.1300886331,0.7258029639
"Upton, Justin",OF,ATL,2014,154,566,77,153,34,2,29,102,60,171,8,4,0.270318021,0.491166078,0.3421875,0.833353578,0.789900387,0,0,0,0,0,0,1,NLE,NL,0,0,0,0,0,0,0,0,0,0,0,0,0,0,0,0,0,0,0,0,0,0,0,0,1,0,0,0,0,0,0,0,0,0,0,0,0,0,-0.029106138,0,-0.021170161,0.8110705478
"Uribe, Juan",3B,LAD,2014,103,386,36,120,23,0,9,54,15,77,0,1,0.310880829,0.440414508,0.336633663,0.777048171,0.739150013,0,1,0,0,1,0,0,NLW,NL,1,0,0,0,1,0,0,0,0,0,0,0,0,0,0,0,0,0,0,0,0,0,0,0,0,0,0,0,0,0,0,0,0,0,0,1,0,0,0.0183040401,0,0.0158295864,0.7233204266
"Utley, Chase",2B,PHI,2014,155,589,74,159,36,6,11,78,53,85,10,1,0.269949066,0.407470289,0.338855422,0.74632571,0.627523728,0,1,0,1,0,0,0,NLE,NL,0,1,0,0,0,1,0,0,0,0,0,0,0,0,0,0,0,0,1,0,0,0,0,0,0,0,0,0,0,0,0,0,0,0,0,0,0,0,-0.124268025,0,-0.06129759,0.6888213177
"Valbuena, Luis",3B/2B,CHC,2014,151,483,70,120,34,4,16,51,67,114,1,2,0.248447205,0.434782609,0.341772152,0.776554761,0.748132846,0,1,0,1,1,0,0,NLC,NL,0,0,0,0,0,0,0,0,0,0,0,0,0,0,0,0,0,0,0,0,0,0,0,0,0,0,0,0,0,0,0,0,0,1,0,0,0,0,-0.033989465,1,-0.020258851,0.7683916973
"Valencia, Danny",3B/1B,TOR,2014,86,264,20,68,16,1,4,30,14,62,1,1,0.257575758,0.371212121,0.295774648,0.666986769,0.863668166,0,1,1,0,1,0,0,ALE,AL,0,1,0,0,0,1,0,0,0,0,0,0,0,0,0,0,0,0,0,0,0,1,0,0,0,0,0,0,0,0,0,0,0,0,0,0,0,0,0.151749951,1,0.1605736771,0.7030944889
"Van Slyke, Scott",OF/1B,LAD,2014,98,212,32,63,13,1,11,29,28,71,4,2,0.297169811,0.523584906,0.386178862,0.909763767,0.7003432,0,1,1,0,0,0,1,NLW,NL,1,0,0,0,1,0,0,0,0,0,0,0,0,0,0,0,0,0,0,0,0,0,0,0,0,0,0,0,0,0,0,0,0,0,0,1,0,0,-0.03389998,1,-0.028360309,0.7287035095
"Vargas, Kennys",DH,MIN,2014,53,215,26,59,10,1,9,38,12,63,0,0,0.274418605,0.455813953,0.316239316,0.77205327,0.625745342,1,0,0,0,0,0,0,ALC,AL,1,0,0,0,1,0,0,0,0,0,0,0,0,0,0,0,0,0,0,0,0,0,0,0,0,0,0,0,0,0,0,0,0,0,1,0,0,0,-0.14347502,0,-0.143159033,0.7689043748
"Venable, Will",OF,SD,2014,146,406,47,91,13,2,8,33,33,107,11,6,0.224137931,0.325123153,0.287640449,0.612763602,0.669157829,0,0,0,0,0,0,1,NLW,NL,0,1,0,0,0,1,0,0,0,0,0,0,1,0,0,0,0,0,0,0,0,0,0,0,0,0,0,0,0,0,0,0,0,0,0,0,0,0,0.0115692816,0,0.0052504359,0.6639073931
"Vogt, Stephen",1B,OAK,2014,84,269,26,75,10,2,9,35,16,39,1,0,0.278810409,0.431226766,0.320557491,0.751784257,0.783205435,0,1,1,0,0,0,0,ALW,AL,1,0,0,1,0,0,0,0,0,0,0,0,0,0,0,0,0,0,0,0,0,0,0,0,0,0,0,1,0,0,0,0,0,0,0,0,0,0,0.0521076495,0,0.060149148,0.723056287
"Votto, Joey",1B,CIN,2014,62,220,32,56,16,0,6,23,47,49,1,1,0.254545455,0.409090909,0.389705882,0.798796791,1.000277209,0,1,1,0,0,0,0,NLC,NL,1,0,0,0,1,0,0,0,0,0,0,0,0,0,0,0,0,0,0,0,0,0,0,0,0,0,1,0,0,0,0,0,0,0,0,0,0,0,0.2102443566,0,0.2125117556,0.7877654534
"Walker, Neil",2B,PIT,2014,137,512,74,139,25,3,23,76,45,88,2,2,0.271484375,0.466796875,0.342105263,0.808902138,0.755614194,0,1,0,1,0,0,0,NLC,NL,0,1,0,0,0,1,0,0,0,0,0,0,0,0,0,1,0,0,0,0,0,0,0,0,0,0,0,0,0,0,0,0,0,0,0,0,0,0,-0.029608976,0,-0.032946319,0.7885605125
"Werth, Jayson",OF,WSH,2014,147,534,85,156,37,1,16,82,83,113,9,1,0.292134831,0.45505618,0.39427663,0.849332809,0.685273102,0,0,0,0,0,0,1,NLE,NL,0,1,0,0,0,1,0,0,0,0,0,0,0,0,0,0,0,0,0,0,0,0,0,0,0,0,0,0,0,0,1,0,0,0,0,0,0,0,-0.113281446,0,-0.123937657,0.8092107587
"Wong, Kolten",2B,STL,2014,113,402,52,100,14,3,12,42,21,71,20,4,0.248756219,0.388059701,0.292056075,0.680115776,0.707366719,0,1,0,1,0,0,0,NLC,NL,0,1,0,0,0,1,0,0,0,0,0,1,0,0,0,0,0,0,0,0,0,0,0,0,0,0,0,0,0,0,0,0,0,0,0,0,0,0,-0.012547731,0,-0.020360924,0.7277276429
"Wright, David",3B,NYM,2014,134,535,54,144,30,1,8,63,42,113,8,5,0.269158879,0.373831776,0.324232082,0.698063858,0.813520871,0,1,0,0,1,0,0,NLE,NL,1,0,0,0,1,0,0,0,0,0,0,0,0,0,0,0,0,0,0,0,0,0,0,0,0,0,0,0,0,0,0,1,0,0,0,0,0,0,0.0934929995,0,0.0900303663,0.7234905047
"Yelich, Christian",OF,MIA,2014,144,582,94,165,30,6,9,54,70,137,21,7,0.283505155,0.402061856,0.362252664,0.764314519,0.781680672,0,0,0,0,0,0,1,NLE,NL,1,0,0,0,1,0,0,0,0,0,0,0,0,0,0,0,0,0,0,0,0,0,0,0,0,0,0,0,0,0,0,0,0,0,0,0,0,1,0.0166919373,0,0.0020187877,0.7796618843
"Young, Chris",OF,NYY,2014,111,325,40,72,20,0,11,38,32,70,8,3,0.221538462,0.384615385,0.298630137,0.683245522,0.772943503,0,0,0,0,0,0,1,ALE,AL,1,0,1,0,0,0,0,0,0,1,0,0,0,0,0,0,0,0,0,0,0,0,0,0,0,0,0,0,0,0,0,0,0,0,0,0,0,0,0.0429821428,0,0.0418685323,0.7310749707
"Young, Delmon",DH/OF,BAL,2014,83,242,27,73,11,1,7,30,10,51,2,0,0.301652893,0.44214876,0.337254902,0.779403662,0.627969349,1,0,0,0,0,0,1,ALE,AL,0,0,0,0,0,0,0,0,0,0,0,0,0,0,0,0,0,0,0,0,0,0,0,0,0,0,0,0,0,0,0,0,0,0,0,0,1,0,-0.086260948,1,-0.087731938,0.7157012869
"Zimmerman, Ryan",OF/3B,WSH,2014,61,214,26,60,19,1,5,38,22,37,0,0,0.280373832,0.448598131,0.341666667,0.790264798,0.773010227,0,1,0,0,1,0,1,NLE,NL,0,1,0,0,0,1,0,0,0,0,0,0,0,0,0,0,0,0,0,0,0,0,0,0,0,0,0,0,0,0,1,0,0,0,0,0,0,0,0.0024239924,1,0.0092220985,0.7637881285
"Zobrist, Ben",2B/SS/OF,TB,2014,146,570,83,155,34,3,10,52,75,84,10,5,0.271929825,0.394736842,0.354294479,0.749031321,0.808557306,0,1,0,1,0,1,1,ALE,AL,0,1,0,0,0,1,0,0,0,0,0,0,0,0,0,0,0,0,0,0,0,0,0,0,0,0,0,0,0,1,0,0,0,0,0,0,0,0,0.0768043689,1,0.0668084252,0.7417488808
"Zunino, Mike",C,SEA,2014,131,438,51,87,20,2,22,60,17,158,0,3,0.198630137,0.404109589,0.254201681,0.65831127,0.53015873,0,0,0,0,0,0,0,ALW,AL,0,1,0,0,0,1,0,0,0,0,1,0,0,0,0,0,0,0,0,0,0,0,0,0,0,0,0,0,0,0,0,0,0,0,0,0,0,0,-0.211955243,0,-0.208224653,0.7383833831
